35
20
m 0 19
0 34 0
1 0 0
2 34 19
w 0 9
w 0 10
w 1 1
w 1 2
w 1 4
w 1 5
w 1 6
w 1 7
w 1 9
w 1 10
w 1 12
w 1 13
w 1 14
w 1 16
w 1 17
w 1 18
w 2 1
w 2 2
w 2 4
w 2 5
w 2 6
w 2 7
w 2 9
w 2 10
w 2 18
w 3 1
w 3 2
w 3 4
w 3 5
w 3 12
w 3 14
w 3 16
w 3 18
w 4 1
w 4 2
w 4 4
w 4 5
w 4 7
w 4 9
w 4 10
w 4 12
w 4 14
w 4 16
w 4 18
w 5 1
w 5 2
w 5 7
w 5 9
w 5 10
w 5 12
w 5 14
w 5 16
w 5 18
w 6 1
w 6 2
w 6 4
w 6 5
w 6 7
w 6 12
w 6 14
w 6 16
w 6 18
w 7 4
w 7 5
w 7 7
w 7 8
w 7 10
w 7 12
w 7 14
w 7 16
w 8 1
w 8 2
w 8 4
w 8 5
w 8 7
w 8 8
w 8 10
w 8 12
w 8 16
w 8 18
w 9 1
w 9 8
w 9 10
w 9 12
w 9 14
w 9 16
w 9 18
w 10 1
w 10 3
w 10 4
w 10 6
w 10 8
w 10 10
w 10 12
w 10 14
w 10 16
w 10 18
w 11 1
w 11 3
w 11 4
w 11 6
w 11 14
w 11 16
w 11 18
w 12 1
w 12 3
w 12 4
w 12 6
w 12 8
w 12 9
w 12 10
w 12 11
w 12 12
w 12 14
w 12 18
w 13 1
w 13 6
w 13 14
w 13 16
w 13 18
w 14 1
w 14 3
w 14 5
w 14 6
w 14 8
w 14 10
w 14 12
w 14 14
w 14 16
w 14 18
w 15 1
w 15 3
w 15 5
w 15 6
w 15 8
w 15 10
w 15 12
w 15 14
w 15 16
w 15 18
w 16 3
w 16 5
w 16 6
w 16 8
w 16 10
w 16 12
w 17 0
w 17 1
w 17 2
w 17 3
w 17 8
w 17 12
w 17 13
w 17 15
w 17 16
w 17 18
w 17 19
w 18 3
w 18 5
w 18 6
w 18 8
w 18 10
w 18 12
w 19 1
w 19 3
w 19 5
w 19 6
w 19 8
w 19 10
w 19 12
w 19 14
w 19 16
w 19 18
w 20 1
w 20 3
w 20 5
w 20 6
w 20 8
w 20 10
w 20 12
w 20 14
w 20 16
w 20 18
w 21 1
w 21 6
w 21 14
w 21 16
w 21 18
w 22 1
w 22 3
w 22 4
w 22 6
w 22 8
w 22 9
w 22 10
w 22 11
w 22 12
w 22 14
w 22 18
w 23 1
w 23 3
w 23 4
w 23 6
w 23 14
w 23 16
w 23 18
w 24 1
w 24 3
w 24 4
w 24 6
w 24 8
w 24 10
w 24 12
w 24 14
w 24 16
w 24 18
w 25 1
w 25 8
w 25 10
w 25 12
w 25 14
w 25 16
w 25 18
w 26 1
w 26 2
w 26 4
w 26 5
w 26 7
w 26 8
w 26 10
w 26 12
w 26 16
w 26 18
w 27 4
w 27 5
w 27 7
w 27 8
w 27 10
w 27 12
w 27 14
w 27 16
w 28 1
w 28 2
w 28 4
w 28 5
w 28 7
w 28 12
w 28 14
w 28 16
w 28 18
w 29 1
w 29 2
w 29 7
w 29 9
w 29 10
w 29 12
w 29 14
w 29 16
w 29 18
w 30 1
w 30 2
w 30 4
w 30 5
w 30 7
w 30 9
w 30 10
w 30 12
w 30 14
w 30 16
w 30 18
w 31 1
w 31 2
w 31 4
w 31 5
w 31 12
w 31 14
w 31 16
w 31 18
w 32 1
w 32 2
w 32 4
w 32 5
w 32 6
w 32 7
w 32 9
w 32 10
w 32 18
w 33 1
w 33 2
w 33 4
w 33 5
w 33 6
w 33 7
w 33 9
w 33 10
w 33 12
w 33 13
w 33 14
w 33 16
w 33 17
w 33 18
w 34 9
w 34 10
p 7 17
p 22 17
p 30 0
p 14 13
p 5 19
p 13 8
p 29 4
p 13 17
p 21 0
p 21 9
p 27 6
p 3 6
p 19 2
p 3 15
p 19 11
p 11 7
p 1 8
p 34 5
p 34 14
p 17 7
p 9 3
p 0 0
p 15 0
p 32 16
p 33 15
p 15 9
p 6 6
p 25 11
p 16 17
p 32 19
p 31 8
p 22 5
p 31 17
p 23 13
p 30 6
p 14 19
p 13 5
p 29 13
p 3 3
p 20 19
p 12 15
p 28 11
p 4 11
p 27 15
p 10 17
p 18 0
p 26 13
p 2 13
p 18 9
p 18 18
p 34 2
p 34 11
p 17 4
p 9 0
p 9 9
p 33 3
p 24 0
p 32 13
p 8 13
p 24 9
p 7 2
p 0 18
p 25 17
p 16 14
p 7 11
p 22 2
p 6 15
p 23 10
p 14 7
p 5 4
p 23 19
p 5 13
p 13 2
p 30 15
p 13 11
p 20 7
p 3 0
p 29 19
p 21 15
p 3 9
p 4 8
p 27 3
p 4 17
p 10 5
p 19 17
p 1 11
p 11 13
p 2 19
p 33 0
p 0 6
p 25 5
p 8 19
p 16 2
p 0 15
p 6 3
p 15 15
p 31 11
p 23 7
p 14 4
p 30 3
p 20 4
p 21 3
p 12 0
p 20 13
p 21 12
p 27 0
p 27 9
p 28 8
p 10 2
p 27 18
p 28 17
p 10 11
p 11 10
p 11 19
p 2 16
p 26 19
p 18 15
p 34 8
p 34 17
p 17 10
p 9 6
p 0 3
p 25 2
p 9 15
p 0 12
p 6 0
p 24 15
p 6 9
p 16 11
t 1750 0
m 1 19
0 34 1
1 1 0
2 33 19
t 1749 0.0
m 2 19
0 34 0
1 2 0
2 34 19
t 1748 0.7751937984496124
m 1 19
0 34 1
1 3 0
2 33 19
t 1747 0.7751937984496124
m 0 19
0 34 2
1 2 0
2 32 19
t 1746 0.7751937984496124
m 0 19
0 34 1
1 1 0
2 31 19
t 1745 0.7751937984496124
m 0 18
0 34 0
1 2 0
2 32 19
t 1744 1.550387596899225
m 0 19
0 33 0
1 3 0
2 33 19
t 1743 1.550387596899225
m 0 19
0 32 0
1 2 0
2 34 19
t 1742 1.550387596899225
m 0 19
0 33 0
1 3 0
2 33 19
t 1741 1.550387596899225
m 0 19
0 34 0
1 4 0
2 32 19
t 1740 1.550387596899225
m 0 19
0 33 0
1 3 0
2 31 19
t 1739 1.550387596899225
m 0 19
0 34 0
1 2 0
2 30 19
t 1738 1.550387596899225
m 0 19
0 33 0
1 3 0
2 31 19
t 1737 1.550387596899225
m 0 19
0 32 0
1 4 0
2 32 19
t 1736 1.550387596899225
m 0 19
0 33 0
1 3 0
2 33 19
t 1735 1.550387596899225
m 0 19
0 32 0
1 4 0
2 32 19
t 1734 1.550387596899225
m 0 19
0 31 0
1 3 0
2 33 19
t 1733 1.550387596899225
m 0 19
0 30 0
1 2 0
2 34 19
t 1732 1.550387596899225
m 0 19
0 29 0
1 1 0
2 34 18
t 1731 1.550387596899225
m 0 19
0 30 0
1 2 0
2 34 19
t 1730 1.550387596899225
m 0 19
0 31 0
1 1 0
2 33 19
t 1729 1.550387596899225
m 0 19
0 30 0
1 2 0
2 32 19
t 1728 1.550387596899225
m 0 19
0 31 0
1 3 0
2 31 19
t 1727 1.550387596899225
m 0 19
0 30 0
1 4 0
2 30 19
t 1726 1.550387596899225
m 0 19
0 31 0
1 5 0
2 31 19
t 1725 1.550387596899225
m 0 19
0 32 0
1 4 0
2 30 19
t 1724 1.550387596899225
m 0 19
0 31 0
1 5 0
2 29 19
t 1723 1.550387596899225
m 0 19
0 30 0
1 6 0
2 30 19
t 1722 1.550387596899225
m 0 19
0 29 0
1 5 0
2 29 19
t 1721 1.550387596899225
m 0 19
0 30 0
1 6 0
2 30 19
t 1720 1.550387596899225
m 0 19
0 31 0
1 7 0
2 31 19
t 1719 1.550387596899225
m 0 19
0 30 0
1 7 1
2 32 19
t 1718 1.550387596899225
m 0 19
0 29 0
1 7 0
2 33 19
t 1717 1.550387596899225
m 0 19
0 30 0
1 8 0
2 34 19
t 1716 1.550387596899225
m 0 19
0 29 0
1 7 0
2 34 18
t 1715 1.550387596899225
m 0 19
0 30 0
1 7 1
2 34 19
t 1714 1.550387596899225
m 0 19
0 29 0
1 7 0
2 34 18
t 1713 1.550387596899225
m 0 19
0 28 0
1 7 1
2 34 19
t 1712 1.550387596899225
m 0 19
0 27 0
1 7 0
2 34 18
t 1711 1.550387596899225
m 0 19
0 26 0
1 6 0
2 34 19
t 1710 1.550387596899225
m 0 19
0 27 0
1 7 0
2 33 19
t 1709 1.550387596899225
m 0 19
0 26 0
1 8 0
2 34 19
t 1708 1.550387596899225
m 0 19
0 25 0
1 9 0
2 33 19
t 1707 1.550387596899225
m 0 19
0 24 0
1 10 0
2 32 19
t 1706 1.550387596899225
m 0 19
0 23 0
1 9 0
2 33 19
t 1705 1.550387596899225
m 0 19
0 22 0
1 8 0
2 34 19
t 1704 1.550387596899225
m 0 19
0 21 0
1 7 0
2 33 19
t 1703 1.550387596899225
m 0 19
0 20 0
1 8 0
2 32 19
t 1702 1.550387596899225
m 0 19
0 19 0
1 7 0
2 33 19
t 1701 1.550387596899225
m 0 19
0 18 0
1 7 1
2 34 19
t 1700 1.550387596899225
m 0 19
0 18 1
1 7 0
2 33 19
t 1699 1.550387596899225
m 0 19
0 18 2
1 6 0
2 32 19
t 1698 1.550387596899225
m 0 19
0 19 2
1 7 0
2 31 19
t 1697 1.550387596899225
m 0 19
0 18 2
1 7 1
2 30 19
t 1696 1.550387596899225
m 0 19
0 19 2
1 7 2
2 29 19
t 1695 1.550387596899225
m 0 19
0 20 2
1 7 3
2 28 19
t 1694 1.550387596899225
m 0 19
0 19 2
1 6 3
2 29 19
t 1693 1.550387596899225
m 0 19
0 20 2
1 7 3
2 30 19
t 1692 1.550387596899225
m 0 19
0 21 2
1 6 3
2 29 19
t 1691 1.550387596899225
m 0 19
0 20 2
1 5 3
2 28 19
t 1690 1.550387596899225
m 0 19
0 21 2
1 6 3
2 29 19
t 1689 1.550387596899225
m 0 19
0 20 2
1 5 3
2 28 19
t 1688 1.550387596899225
m 0 19
0 21 2
1 6 3
2 29 19
t 1687 1.550387596899225
m 0 19
0 21 3
1 5 3
2 28 19
t 1686 1.550387596899225
m 0 19
0 21 2
1 5 4
2 29 19
t 1685 1.550387596899225
m 0 19
0 22 2
1 5 5
2 28 19
t 1684 1.550387596899225
m 0 19
0 23 2
1 5 6
2 29 19
t 1683 1.550387596899225
m 0 19
0 24 2
1 6 6
2 28 19
t 1682 1.550387596899225
m 0 19
0 25 2
1 7 6
2 27 19
t 1681 1.550387596899225
m 0 19
0 24 2
1 6 6
2 28 19
t 1680 1.550387596899225
m 0 19
0 23 2
1 7 6
2 29 19
t 1679 1.550387596899225
m 0 19
0 22 2
1 6 6
2 28 19
t 1678 1.550387596899225
m 0 19
0 23 2
1 5 6
2 29 19
t 1677 1.550387596899225
m 0 19
0 22 2
1 6 6
2 28 19
f 34 19
t 1676 1.550387596899225
m 0 19
0 23 2
1 7 6
2 29 19
t 1675 1.550387596899225
m 1 19
0 22 2
1 6 6
2 30 19
t 1674 1.550387596899225
m 2 19
0 21 2
1 7 6
2 31 19
t 1673 1.550387596899225
m 3 19
0 21 3
1 8 6
2 30 19
t 1672 1.550387596899225
m 4 19
0 21 4
1 9 6
2 29 19
t 1671 1.550387596899225
m 5 19
0 20 4
1 9 5
2 30 19
t 1670 2.3255813953488373
m 4 19
0 21 4
1 9 4
2 31 19
t 1669 2.3255813953488373
m 3 19
0 20 4
1 9 3
2 30 19
t 1668 2.3255813953488373
m 2 19
0 19 4
1 9 2
2 29 19
t 1667 2.3255813953488373
m 2 19
0 20 4
1 9 3
2 30 19
t 1666 2.3255813953488373
m 3 19
0 19 4
1 8 3
2 31 19
t 1665 2.3255813953488373
m 4 19
0 20 4
1 7 3
2 30 19
t 1664 2.3255813953488373
m 4 19
0 19 4
1 7 2
2 31 19
t 1663 2.3255813953488373
m 5 19
0 18 4
1 7 3
2 32 19
t 1662 2.3255813953488373
m 5 19
0 17 4
1 6 3
2 33 19
t 1661 2.3255813953488373
m 4 19
0 17 5
1 7 3
2 32 19
t 1660 2.3255813953488373
m 5 19
0 17 4
1 8 3
2 31 19
t 1659 2.3255813953488373
m 4 19
0 18 4
1 9 3
2 30 19
t 1658 2.3255813953488373
m 3 19
0 17 4
1 9 4
2 29 19
t 1657 2.3255813953488373
m 4 19
0 17 5
1 9 3
2 30 19
t 1656 2.3255813953488373
m 3 19
0 17 4
1 9 4
2 31 19
t 1655 2.3255813953488373
m 2 19
0 17 5
1 9 3
2 32 19
t 1654 2.3255813953488373
m 2 19
0 17 4
1 8 3
2 33 19
t 1653 2.3255813953488373
m 3 19
0 18 4
1 7 3
2 32 19
t 1652 2.3255813953488373
m 3 19
0 17 4
1 8 3
2 33 19
t 1651 2.3255813953488373
m 2 19
0 17 5
1 9 3
2 32 19
t 1650 2.3255813953488373
m 1 19
0 17 6
1 8 3
2 31 19
t 1649 2.3255813953488373
m 2 19
0 17 7
1 7 3
2 30 19
t 1648 2.3255813953488373
m 3 19
0 18 7
1 7 2
2 31 19
t 1647 2.3255813953488373
m 3 19
0 17 7
1 7 1
2 30 19
t 1646 2.3255813953488373
m 4 19
0 16 7
1 7 0
2 31 19
t 1645 2.3255813953488373
m 4 19
0 15 7
1 7 1
2 32 19
t 1644 2.3255813953488373
m 4 19
0 16 7
1 7 0
2 31 19
t 1643 2.3255813953488373
m 3 19
0 15 7
1 6 0
2 30 19
t 1642 2.3255813953488373
m 3 19
0 16 7
1 7 0
2 29 19
t 1641 2.3255813953488373
m 4 19
0 17 7
1 6 0
2 30 19
t 1640 2.3255813953488373
m 3 19
0 18 7
1 7 0
2 31 19
t 1639 2.3255813953488373
m 4 19
0 17 7
1 8 0
2 30 19
t 1638 2.3255813953488373
m 4 19
0 18 7
1 7 0
2 29 19
t 1637 2.3255813953488373
m 3 19
0 19 7
1 6 0
2 30 19
t 1636 2.3255813953488373
m 4 19
0 18 7
1 7 0
2 29 19
t 1635 2.3255813953488373
m 5 19
0 19 7
1 6 0
2 30 19
t 1634 2.3255813953488373
m 6 19
0 18 7
1 5 0
2 29 19
t 1633 2.3255813953488373
m 7 19
0 17 7
1 6 0
2 30 19
t 1632 2.3255813953488373
m 8 19
0 16 7
1 5 0
2 29 19
t 1631 3.10077519379845
m 7 19
0 17 7
1 6 0
2 30 19
t 1630 3.10077519379845
m 8 19
0 16 7
1 5 0
2 31 19
t 1629 3.10077519379845
m 8 19
0 15 7
1 6 0
2 32 19
t 1628 3.10077519379845
m 9 19
0 14 7
1 5 0
2 33 19
t 1627 3.10077519379845
m 9 19
0 13 7
1 4 0
2 32 19
t 1626 3.10077519379845
m 9 19
0 12 7
1 5 0
2 31 19
t 1625 3.10077519379845
m 10 19
0 13 7
1 4 0
2 30 19
t 1624 3.10077519379845
m 10 19
0 14 7
1 5 0
2 31 19
t 1623 3.10077519379845
m 11 19
0 13 7
1 4 0
2 30 19
t 1622 3.875968992248062
m 10 19
0 12 7
1 5 0
2 31 19
t 1621 3.875968992248062
m 9 19
0 13 7
1 4 0
2 32 19
t 1620 3.875968992248062
m 9 19
0 14 7
1 5 0
2 31 19
t 1619 3.875968992248062
m 8 19
0 15 7
1 6 0
2 32 19
t 1618 3.875968992248062
m 9 19
0 16 7
1 7 0
2 33 19
t 1617 3.875968992248062
m 8 19
0 15 7
1 6 0
2 32 19
t 1616 3.875968992248062
m 9 19
0 14 7
1 5 0
2 31 19
t 1615 3.875968992248062
m 10 19
0 15 7
1 4 0
2 32 19
t 1614 3.875968992248062
m 9 19
0 16 7
1 3 0
2 33 19
t 1613 3.875968992248062
m 10 19
0 15 7
1 2 0
2 32 19
t 1612 3.875968992248062
m 9 19
0 14 7
1 3 0
2 33 19
t 1611 3.875968992248062
m 8 19
0 15 7
1 2 0
2 32 19
t 1610 3.875968992248062
m 8 19
0 16 7
1 1 0
2 33 19
t 1609 3.875968992248062
m 7 19
0 15 7
1 2 0
2 34 19
t 1608 3.875968992248062
m 7 19
0 16 7
1 3 0
2 34 18
t 1607 3.875968992248062
m 6 19
0 17 7
1 4 0
2 34 19
t 1606 3.875968992248062
m 7 19
0 17 6
1 3 0
2 33 19
t 1605 3.875968992248062
m 7 19
0 17 5
1 4 0
2 32 19
t 1604 3.875968992248062
m 7 19
0 17 4
1 5 0
2 31 19
t 1603 3.875968992248062
m 8 19
0 16 4
1 4 0
2 32 19
t 1602 3.875968992248062
m 8 19
0 17 4
1 5 0
2 33 19
t 1601 3.875968992248062
m 8 19
0 16 4
1 6 0
2 34 19
t 1600 3.875968992248062
m 9 19
0 17 4
1 7 0
2 33 19
t 1599 3.875968992248062
m 10 19
0 17 5
1 7 1
2 34 19
t 1598 3.875968992248062
m 11 19
0 17 6
1 7 2
2 33 19
t 1597 3.875968992248062
m 10 19
0 17 7
1 7 3
2 32 19
t 1596 3.875968992248062
m 10 19
0 18 7
1 6 3
2 33 19
t 1595 3.875968992248062
m 11 19
0 19 7
1 7 3
2 32 19
t 1594 3.875968992248062
m 11 19
0 18 7
1 6 3
2 31 19
t 1593 3.875968992248062
m 12 19
0 19 7
1 5 3
2 32 19
t 1592 3.875968992248062
m 13 19
0 20 7
1 4 3
2 33 19
t 1591 3.875968992248062
m 14 19
0 21 7
1 3 3
2 34 19
t 1590 4.651162790697675
m 13 19
0 21 8
1 4 3
2 33 19
t 1589 4.651162790697675
m 12 19
0 21 7
1 3 3
2 32 19
t 1588 4.651162790697675
m 13 19
0 20 7
1 4 3
2 31 19
t 1587 4.651162790697675
m 13 19
0 19 7
1 3 3
2 30 19
t 1586 4.651162790697675
m 13 19
0 20 7
1 4 3
2 31 19
t 1585 4.651162790697675
m 14 19
0 19 7
1 5 3
2 30 19
t 1584 4.651162790697675
m 14 19
0 20 7
1 5 4
2 31 19
t 1583 4.651162790697675
m 13 19
0 19 7
1 5 5
2 32 19
t 1582 4.651162790697675
m 13 19
0 18 7
1 5 6
2 31 19
t 1581 4.651162790697675
m 14 19
0 17 7
1 5 5
2 30 19
t 1580 4.651162790697675
m 13 19
0 17 6
1 5 4
2 31 19
t 1579 4.651162790697675
m 14 19
0 17 5
1 5 3
2 30 19
t 1578 4.651162790697675
m 13 19
0 17 6
1 4 3
2 31 19
t 1577 4.651162790697675
m 13 19
0 17 5
1 5 3
2 30 19
t 1576 4.651162790697675
m 12 19
0 17 4
1 5 4
2 29 19
t 1575 4.651162790697675
m 13 19
0 16 4
1 5 5
2 30 19
t 1574 4.651162790697675
m 13 19
0 17 4
1 5 4
2 29 19
t 1573 4.651162790697675
m 13 19
0 18 4
1 5 5
2 30 19
t 1572 4.651162790697675
m 13 19
0 17 4
1 5 6
2 29 19
t 1571 4.651162790697675
m 13 19
0 16 4
1 6 6
2 30 19
t 1570 4.651162790697675
m 14 19
0 15 4
1 5 6
2 31 19
t 1569 4.651162790697675
m 15 19
0 14 4
1 5 5
2 30 19
t 1568 4.651162790697675
m 16 19
0 13 4
1 5 6
2 29 19
t 1567 4.651162790697675
m 16 19
0 13 5
1 5 5
2 30 19
t 1566 4.651162790697675
m 16 18
0 13 4
1 5 6
2 31 19
t 1565 4.651162790697675
m 16 18
0 13 5
1 4 6
2 30 19
t 1564 4.651162790697675
m 16 19
0 13 4
1 3 6
2 29 19
t 1563 4.651162790697675
m 16 18
0 14 4
1 3 7
2 28 19
t 1562 4.651162790697675
m 16 17
0 15 4
1 3 6
2 29 19
t 1561 5.426356589147287
m 16 17
0 16 4
1 4 6
2 28 19
t 1560 5.426356589147287
m 17 17
0 15 4
1 5 6
2 29 19
t 1559 5.426356589147287
m 17 17
0 14 4
1 4 6
2 28 19
t 1558 5.426356589147287
m 18 17
0 13 4
1 5 6
2 27 19
t 1557 5.426356589147287
m 18 18
0 13 5
1 4 6
2 27 18
t 1556 6.2015503875969
m 18 19
0 13 4
1 5 6
2 27 17
t 1555 6.2015503875969
m 18 19
0 13 5
1 5 5
2 28 17
t 1554 6.2015503875969
m 18 19
0 13 4
1 5 4
2 29 17
t 1553 6.2015503875969
m 19 19
0 14 4
1 5 5
2 30 17
t 1552 6.2015503875969
m 20 19
0 13 4
1 5 6
2 31 17
t 1551 6.976744186046512
m 20 19
0 13 3
1 6 6
2 32 17
t 1550 6.976744186046512
m 21 19
0 13 2
1 5 6
2 31 17
t 1549 6.976744186046512
m 21 19
0 13 3
1 4 6
2 30 17
t 1548 6.976744186046512
m 22 19
0 13 2
1 5 6
2 29 17
t 1547 6.976744186046512
m 23 19
0 12 2
1 6 6
2 30 17
t 1546 7.751937984496124
m 24 19
0 13 2
1 5 6
2 31 17
t 1545 7.751937984496124
m 25 19
0 12 2
1 4 6
2 32 17
t 1544 7.751937984496124
m 26 19
0 11 2
1 3 6
2 32 16
t 1543 8.527131782945736
m 26 19
0 10 2
1 3 7
2 32 17
t 1542 8.527131782945736
m 27 19
0 11 2
1 3 8
2 32 16
t 1541 8.527131782945736
m 28 19
0 10 2
1 2 8
2 32 17
t 1540 8.527131782945736
m 29 19
0 11 2
1 3 8
2 31 17
t 1539 9.30232558139535
m 28 19
0 12 2
1 3 9
2 32 17
t 1538 9.30232558139535
m 28 19
0 11 2
1 3 8
2 32 16
t 1537 9.30232558139535
m 27 19
0 12 2
1 4 8
2 32 17
t 1536 9.30232558139535
m 27 19
0 13 2
1 5 8
2 31 17
t 1535 9.30232558139535
m 26 19
0 12 2
1 4 8
2 32 17
t 1534 9.30232558139535
m 27 19
0 13 2
1 3 8
2 32 16
t 1533 9.30232558139535
m 27 19
0 14 2
1 4 8
2 32 15
t 1532 9.30232558139535
m 27 19
0 13 2
1 5 8
2 32 16
t 1531 9.30232558139535
m 26 19
0 12 2
1 4 8
2 32 15
t 1530 9.30232558139535
m 27 19
0 11 2
1 5 8
2 32 16
t 1529 9.30232558139535
m 27 19
0 12 2
1 6 8
2 32 17
t 1528 9.30232558139535
m 27 18
0 13 2
1 5 8
2 32 16
t 1527 10.077519379844961
m 27 19
0 14 2
1 4 8
2 32 15
t 1526 10.077519379844961
m 28 19
0 15 2
1 3 8
2 32 14
t 1525 10.077519379844961
m 29 19
0 14 2
1 4 8
2 32 13
t 1524 10.077519379844961
m 28 19
0 15 2
1 3 8
2 32 12
t 1523 10.077519379844961
m 28 19
0 14 2
1 4 8
2 32 11
t 1522 10.077519379844961
m 27 19
0 15 2
1 5 8
2 31 11
t 1521 10.077519379844961
m 26 19
0 16 2
1 4 8
2 32 11
t 1520 10.077519379844961
m 26 19
0 15 2
1 3 8
2 33 11
t 1519 10.077519379844961
m 27 19
0 16 2
1 3 7
2 34 11
t 1518 10.077519379844961
m 28 19
0 15 2
1 3 8
2 33 11
t 1517 10.077519379844961
m 29 19
0 16 2
1 2 8
2 34 11
t 1516 10.077519379844961
m 28 19
0 15 2
1 3 8
2 34 12
t 1515 10.077519379844961
m 28 19
0 16 2
1 2 8
2 34 11
t 1514 10.077519379844961
m 28 19
0 16 1
1 1 8
2 34 12
t 1513 10.077519379844961
m 28 19
0 16 0
1 2 8
2 34 11
t 1512 10.077519379844961
m 27 19
0 15 0
1 3 8
2 33 11
t 1511 10.077519379844961
m 28 19
0 16 0
1 3 7
2 34 11
t 1510 10.077519379844961
m 29 19
0 15 0
1 3 8
2 34 12
t 1509 10.077519379844961
m 30 19
0 16 0
1 2 8
2 34 13
t 1508 10.077519379844961
m 30 19
0 16 1
1 1 8
2 34 12
t 1507 10.077519379844961
m 31 19
0 16 0
1 2 8
2 34 11
t 1506 10.077519379844961
m 30 19
0 15 0
1 1 8
2 33 11
t 1505 10.077519379844961
m 30 19
0 16 0
1 0 8
2 34 11
t 1504 10.077519379844961
m 31 19
0 15 0
1 1 8
2 34 12
t 1503 10.077519379844961
m 31 19
0 14 0
1 2 8
2 34 11
t 1502 10.077519379844961
m 32 19
0 13 0
1 3 8
2 33 11
t 1501 10.852713178294573
m 31 19
0 14 0
1 4 8
2 34 11
t 1500 10.852713178294573
m 32 19
0 13 0
1 5 8
2 33 11
t 1499 10.852713178294573
m 32 19
0 12 0
1 6 8
2 32 11
t 1498 10.852713178294573
m 33 19
0 13 0
1 6 9
2 31 11
t 1497 10.852713178294573
m 34 19
0 12 0
1 7 9
2 30 11
t 1496 20.85271317829457
m 34 19
0 11 0
1 8 9
2 31 11
t 1495 20.85271317829457
m 34 19
0 12 0
1 7 9
2 30 11
t 1494 20.85271317829457
m 34 18
0 11 0
1 6 9
2 29 11
t 1493 20.85271317829457
m 34 18
0 10 0
1 7 9
2 30 11
t 1492 20.85271317829457
m 34 17
0 11 0
1 6 9
2 29 11
t 1491 21.627906976744185
m 34 18
0 10 0
1 7 9
2 30 11
t 1490 21.627906976744185
m 34 19
0 11 0
1 6 9
2 31 11
t 1489 21.627906976744185
m 34 19
0 12 0
1 6 10
2 32 11
t 1488 21.627906976744185
m 34 19
0 11 0
1 6 11
2 33 11
t 1487 21.627906976744185
m 34 19
0 10 0
1 5 11
2 32 11
t 1486 21.627906976744185
m 33 19
0 11 0
1 6 11
2 32 12
t 1485 21.627906976744185
m 34 19
0 10 0
1 6 10
2 32 13
t 1484 21.627906976744185
m 34 19
0 11 0
1 6 11
2 32 14
t 1483 21.627906976744185
m 33 19
0 10 0
1 6 10
2 32 13
t 1482 21.627906976744185
m 34 19
0 11 0
1 6 9
2 31 13
t 1481 21.627906976744185
m 34 19
0 12 0
1 6 10
2 30 13
t 1480 21.627906976744185
m 34 19
0 13 0
1 6 9
2 29 13
t 1479 21.627906976744185
m 34 19
0 14 0
1 6 8
2 30 13
t 1478 21.627906976744185
m 34 19
0 15 0
1 5 8
2 31 13
t 1477 21.627906976744185
m 34 19
0 14 0
1 6 8
2 32 13
t 1476 21.627906976744185
m 34 19
0 13 0
1 5 8
2 32 14
t 1475 21.627906976744185
m 34 19
0 12 0
1 4 8
2 32 15
t 1474 21.627906976744185
m 34 19
0 13 0
1 3 8
2 32 16
t 1473 21.627906976744185
m 34 19
0 12 0
1 3 7
2 32 15
t 1472 21.627906976744185
m 34 19
0 11 0
1 3 8
2 32 14
t 1471 21.627906976744185
m 34 19
0 10 0
1 3 7
2 32 15
t 1470 21.627906976744185
m 33 19
0 9 0
1 3 6
2 33 15
t 1469 21.627906976744185
m 32 19
0 8 0
1 3 7
2 32 15
t 1468 21.627906976744185
m 31 19
0 9 0
1 3 6
2 31 15
t 1467 21.627906976744185
m 32 19
0 8 0
1 3 7
2 32 15
t 1466 21.627906976744185
m 31 19
0 7 0
1 3 6
2 33 15
t 1465 21.627906976744185
m 30 19
0 8 0
1 3 7
2 34 15
t 1464 21.627906976744185
m 29 19
0 7 0
1 3 6
2 33 15
t 1463 21.627906976744185
m 28 19
0 8 0
1 3 7
2 32 15
t 1462 21.627906976744185
m 27 19
0 9 0
1 3 8
2 32 16
t 1461 21.627906976744185
m 26 19
0 10 0
1 2 8
2 32 15
t 1460 21.627906976744185
m 25 19
0 11 0
1 3 8
2 32 14
t 1459 21.627906976744185
m 24 19
0 12 0
1 4 8
2 32 15
t 1458 21.627906976744185
m 23 19
0 13 0
1 3 8
2 33 15
t 1457 21.627906976744185
m 22 19
0 14 0
1 3 7
2 34 15
t 1456 21.627906976744185
m 22 19
0 15 0
1 3 8
2 33 15
t 1455 21.627906976744185
m 21 19
0 14 0
1 4 8
2 34 15
t 1454 21.627906976744185
m 20 19
0 15 0
1 3 8
2 34 16
t 1453 21.627906976744185
m 19 19
0 16 0
1 3 7
2 34 17
f 34 0
t 1452 21.627906976744185
m 19 19
0 16 1
1 3 6
2 34 18
t 1451 21.627906976744185
m 19 19
0 16 2
1 3 7
2 34 19
t 1450 21.627906976744185
m 18 19
0 15 2
1 3 6
2 34 18
t 1449 21.627906976744185
m 19 19
0 14 2
1 4 6
2 34 19
t 1448 21.627906976744185
m 18 19
0 15 2
1 5 6
2 33 19
t 1447 21.627906976744185
m 18 18
0 16 2
1 4 6
2 32 19
t 1446 21.627906976744185
m 18 17
0 15 2
1 3 6
2 31 19
t 1445 21.627906976744185
m 18 16
0 16 2
1 4 6
2 32 19
t 1444 21.627906976744185
m 18 15
0 15 2
1 5 6
2 33 19
t 1443 22.4031007751938
m 19 15
0 16 2
1 5 5
2 34 19
t 1442 22.4031007751938
m 20 15
0 16 1
1 5 4
2 34 18
t 1441 22.4031007751938
m 21 15
0 16 2
1 5 5
2 34 17
t 1440 23.178294573643413
m 20 15
0 16 1
1 5 4
2 34 16
t 1439 23.178294573643413
m 20 15
0 16 0
1 5 3
2 34 15
t 1438 23.178294573643413
m 19 15
0 15 0
1 6 3
2 34 16
t 1437 23.178294573643413
m 18 15
0 16 0
1 7 3
2 34 15
t 1436 23.178294573643413
m 18 14
0 16 1
1 6 3
2 34 16
t 1435 23.178294573643413
m 18 14
0 16 0
1 5 3
2 34 17
t 1434 23.178294573643413
m 18 13
0 15 0
1 6 3
2 34 18
t 1433 23.178294573643413
m 19 13
0 14 0
1 7 3
2 34 19
t 1432 23.178294573643413
m 20 13
0 15 0
1 7 2
2 33 19
t 1431 23.953488372093023
m 21 13
0 16 0
1 7 3
2 32 19
t 1430 23.953488372093023
m 21 12
0 15 0
1 8 3
2 33 19
t 1429 24.728682170542633
m 21 11
0 14 0
1 9 3
2 34 19
t 1428 24.728682170542633
m 21 10
0 13 0
1 9 4
2 33 19
t 1427 24.728682170542633
m 21 9
0 12 0
1 9 3
2 32 19
t 1426 25.503875968992247
m 21 10
0 13 0
1 8 3
2 33 19
t 1425 25.503875968992247
m 21 11
0 14 0
1 7 3
2 34 19
t 1424 25.503875968992247
m 21 11
0 13 0
1 7 2
2 33 19
t 1423 25.503875968992247
m 21 11
0 12 0
1 7 3
2 34 19
t 1422 25.503875968992247
m 21 10
0 13 0
1 7 2
2 33 19
t 1421 25.503875968992247
m 21 9
0 14 0
1 7 1
2 32 19
t 1420 25.503875968992247
m 21 10
0 13 0
1 7 2
2 31 19
t 1419 25.503875968992247
m 21 9
0 12 0
1 7 1
2 30 19
t 1418 25.503875968992247
m 21 8
0 11 0
1 7 0
2 29 19
t 1417 25.503875968992247
m 21 7
0 10 0
1 7 1
2 28 19
t 1416 25.503875968992247
m 22 7
0 9 0
1 7 2
2 29 19
t 1415 25.503875968992247
m 22 7
0 10 0
1 7 3
2 28 19
t 1414 25.503875968992247
m 22 7
0 9 0
1 6 3
2 27 19
t 1413 25.503875968992247
m 23 7
0 8 0
1 7 3
2 26 19
t 1412 26.27906976744186
m 22 7
0 7 0
1 8 3
2 27 19
t 1411 26.27906976744186
m 22 7
0 8 0
1 7 3
2 28 19
t 1410 26.27906976744186
m 21 7
0 9 0
1 6 3
2 29 19
t 1409 26.27906976744186
m 20 7
0 10 0
1 7 3
2 28 19
t 1408 27.05426356589147
m 21 7
0 11 0
1 8 3
2 29 19
t 1407 27.05426356589147
m 22 7
0 10 0
1 9 3
2 30 19
t 1406 27.05426356589147
m 22 7
0 9 0
1 9 2
2 31 19
t 1405 27.05426356589147
m 22 7
0 10 0
1 10 2
2 30 19
t 1404 27.05426356589147
m 23 7
0 9 0
1 9 2
2 31 19
t 1403 27.05426356589147
m 24 7
0 8 0
1 9 3
2 32 19
t 1402 27.05426356589147
m 24 7
0 9 0
1 9 4
2 33 19
t 1401 27.05426356589147
m 25 7
0 10 0
1 9 3
2 32 19
t 1400 27.05426356589147
m 25 6
0 9 0
1 9 2
2 31 19
t 1399 27.05426356589147
m 25 5
0 10 0
1 9 3
2 30 19
t 1398 27.829457364341085
m 25 4
0 11 0
1 9 2
2 31 19
t 1397 27.829457364341085
m 25 4
0 12 0
1 10 2
2 30 19
t 1396 27.829457364341085
m 25 3
0 11 0
1 11 2
2 31 19
t 1395 27.829457364341085
m 25 2
0 12 0
1 12 2
2 32 19
t 1394 28.6046511627907
m 25 2
0 11 0
1 11 2
2 31 19
t 1393 28.6046511627907
m 25 2
0 10 0
1 12 2
2 30 19
t 1392 28.6046511627907
m 25 3
0 11 0
1 13 2
2 29 19
t 1391 28.6046511627907
m 26 3
0 12 0
1 12 2
2 30 19
t 1390 28.6046511627907
m 27 3
0 13 0
1 13 2
2 29 19
t 1389 29.37984496124031
m 28 3
0 12 0
1 13 3
2 28 19
t 1388 29.37984496124031
m 29 3
0 13 0
1 13 4
2 29 19
t 1387 29.37984496124031
m 30 3
0 14 0
1 13 3
2 30 19
t 1386 30.155038759689923
m 31 3
0 13 0
1 13 4
2 29 19
t 1385 30.155038759689923
m 32 3
0 12 0
1 13 3
2 28 19
t 1384 30.155038759689923
m 33 3
0 13 0
1 13 2
2 27 19
t 1383 30.930232558139537
m 34 3
0 12 0
1 14 2
2 26 19
t 1382 30.930232558139537
m 34 3
0 11 0
1 13 2
2 25 19
t 1381 30.930232558139537
m 34 3
0 10 0
1 13 3
2 24 19
t 1380 30.930232558139537
m 34 2
0 9 0
1 13 2
2 23 19
t 1379 31.705426356589147
m 34 1
0 10 0
1 14 2
2 22 19
t 1378 31.705426356589147
m 34 0
0 11 0
1 13 2
2 23 19
t 1377 41.70542635658914
m 34 0
0 12 0
1 13 3
2 22 19
t 1376 41.70542635658914
m 34 1
0 13 0
1 13 4
2 23 19
t 1375 41.70542635658914
m 34 2
0 12 0
1 13 5
2 24 19
t 1374 41.70542635658914
m 34 2
0 11 0
1 12 5
2 23 19
t 1373 41.70542635658914
m 34 2
0 12 0
1 11 5
2 22 19
t 1372 41.70542635658914
m 34 3
0 13 0
1 10 5
2 21 19
t 1371 41.70542635658914
m 34 4
0 12 0
1 11 5
2 22 19
t 1370 41.70542635658914
m 34 3
0 11 0
1 10 5
2 23 19
t 1369 41.70542635658914
m 34 3
0 12 0
1 11 5
2 24 19
t 1368 41.70542635658914
m 34 3
0 11 0
1 12 5
2 25 19
t 1367 41.70542635658914
m 34 2
0 10 0
1 13 5
2 24 19
t 1366 41.70542635658914
m 34 1
0 9 0
1 13 4
2 25 19
t 1365 41.70542635658914
m 34 0
0 8 0
1 14 4
2 26 19
t 1364 41.70542635658914
m 34 0
0 9 0
1 13 4
2 25 19
t 1363 41.70542635658914
m 34 0
0 8 0
1 13 5
2 26 19
t 1362 41.70542635658914
m 34 0
0 9 0
1 13 4
2 27 19
t 1361 41.70542635658914
m 33 0
0 10 0
1 13 5
2 27 18
t 1360 42.480620155038764
m 34 0
0 11 0
1 13 4
2 27 17
t 1359 42.480620155038764
m 34 1
0 12 0
1 14 4
2 26 17
t 1358 42.480620155038764
m 34 1
0 11 0
1 15 4
2 27 17
t 1357 42.480620155038764
m 34 0
0 10 0
1 16 4
2 28 17
t 1356 42.480620155038764
m 34 0
0 11 0
1 17 4
2 29 17
t 1355 42.480620155038764
m 34 0
0 12 0
1 16 4
2 30 17
t 1354 42.480620155038764
m 34 0
0 13 0
1 17 4
2 31 17
t 1353 42.480620155038764
m 34 0
0 12 0
1 17 5
2 30 17
t 1352 42.480620155038764
m 34 0
0 11 0
1 17 6
2 29 17
t 1351 42.480620155038764
m 34 0
0 12 0
1 17 5
2 28 17
t 1350 42.480620155038764
m 34 0
0 11 0
1 17 4
2 29 17
t 1349 42.480620155038764
m 34 0
0 12 0
1 16 4
2 30 17
t 1348 42.480620155038764
m 34 0
0 11 0
1 15 4
2 31 17
t 1347 42.480620155038764
m 34 0
0 12 0
1 16 4
2 32 17
t 1346 42.480620155038764
m 34 0
0 11 0
1 17 4
2 32 16
t 1345 42.480620155038764
m 34 0
0 12 0
1 18 4
2 32 15
t 1344 42.480620155038764
m 34 0
0 13 0
1 19 4
2 32 14
t 1343 42.480620155038764
m 34 0
0 12 0
1 20 4
2 32 15
t 1342 42.480620155038764
m 34 0
0 13 0
1 19 4
2 32 14
t 1341 42.480620155038764
m 34 0
0 12 0
1 20 4
2 32 13
t 1340 42.480620155038764
m 34 0
0 13 0
1 19 4
2 32 14
t 1339 42.480620155038764
m 34 0
0 14 0
1 18 4
2 32 13
t 1338 42.480620155038764
m 34 0
0 13 0
1 17 4
2 32 14
t 1337 42.480620155038764
m 34 0
0 12 0
1 17 5
2 32 15
t 1336 42.480620155038764
m 34 0
0 11 0
1 17 4
2 32 16
t 1335 42.480620155038764
m 34 0
0 12 0
1 17 5
2 32 15
t 1334 42.480620155038764
m 34 0
0 13 0
1 17 6
2 31 15
t 1333 42.480620155038764
m 34 0
0 12 0
1 17 5
2 30 15
t 1332 42.480620155038764
m 34 0
0 11 0
1 17 4
2 31 15
t 1331 42.480620155038764
m 34 0
0 12 0
1 17 5
2 30 15
t 1330 42.480620155038764
m 34 0
0 11 0
1 17 4
2 31 15
t 1329 42.480620155038764
m 34 0
0 10 0
1 18 4
2 32 15
t 1328 42.480620155038764
m 34 0
0 11 0
1 19 4
2 33 15
t 1327 42.480620155038764
m 34 0
0 10 0
1 20 4
2 34 15
t 1326 42.480620155038764
m 33 0
0 9 0
1 21 4
2 33 15
t 1325 42.480620155038764
m 34 0
0 8 0
1 21 3
2 32 15
t 1324 42.480620155038764
m 34 0
0 7 0
1 21 2
2 31 15
t 1323 42.480620155038764
m 34 0
0 6 0
1 20 2
2 32 15
t 1322 42.480620155038764
m 34 0
0 5 0
1 21 2
2 32 14
t 1321 42.480620155038764
m 34 0
0 4 0
1 20 2
2 32 13
t 1320 42.480620155038764
m 34 0
0 3 0
1 19 2
2 32 14
t 1319 42.480620155038764
m 34 0
0 4 0
1 18 2
2 32 15
t 1318 42.480620155038764
m 34 0
0 5 0
1 18 1
2 33 15
t 1317 42.480620155038764
m 34 0
0 6 0
1 18 0
2 34 15
t 1316 42.480620155038764
m 33 0
0 5 0
1 18 1
2 34 14
t 1315 42.480620155038764
m 32 0
0 4 0
1 18 0
2 34 13
t 1314 42.480620155038764
m 33 0
0 5 0
1 18 1
2 34 14
t 1313 42.480620155038764
m 33 0
0 4 0
1 18 0
2 34 13
t 1312 42.480620155038764
m 32 0
0 3 0
1 18 1
2 34 14
t 1311 42.480620155038764
m 32 0
0 4 0
1 18 2
2 34 15
t 1310 42.480620155038764
m 32 0
0 3 0
1 18 1
2 33 15
t 1309 42.480620155038764
m 31 0
0 4 0
1 18 0
2 32 15
t 1308 42.480620155038764
m 31 0
0 5 0
1 19 0
2 31 15
t 1307 42.480620155038764
m 32 0
0 6 0
1 18 0
2 30 15
t 1306 42.480620155038764
m 33 0
0 7 0
1 19 0
2 29 15
t 1305 42.480620155038764
m 34 0
0 8 0
1 20 0
2 28 15
t 1304 42.480620155038764
m 34 1
0 9 0
1 21 0
2 27 15
f 0 0
t 1303 42.480620155038764
m 34 0
0 8 0
1 22 0
2 26 15
t 1302 42.480620155038764
m 33 0
0 9 0
1 23 0
2 25 15
t 1301 42.480620155038764
m 33 0
0 8 0
1 22 0
2 24 15
t 1300 42.480620155038764
m 32 0
0 7 0
1 23 0
2 23 15
t 1299 42.480620155038764
m 31 0
0 7 1
1 22 0
2 24 15
t 1298 42.480620155038764
m 31 0
0 7 0
1 23 0
2 23 15
t 1297 42.480620155038764
m 30 0
0 7 1
1 22 0
2 24 15
t 1296 43.25581395348837
m 31 0
0 7 2
1 21 0
2 23 15
t 1295 43.25581395348837
m 30 0
0 7 1
1 20 0
2 22 15
t 1294 43.25581395348837
m 29 0
0 7 2
1 19 0
2 21 15
t 1293 43.25581395348837
m 28 0
0 7 1
1 18 0
2 20 15
t 1292 43.25581395348837
m 28 0
0 7 0
1 19 0
2 19 15
t 1291 43.25581395348837
m 27 0
0 8 0
1 18 0
2 20 15
t 1290 44.031007751937985
m 26 0
0 9 0
1 19 0
2 19 15
t 1289 44.031007751937985
m 25 0
0 10 0
1 18 0
2 18 15
t 1288 44.031007751937985
m 24 0
0 9 0
1 18 1
2 18 16
t 1287 44.8062015503876
m 23 0
0 10 0
1 18 2
2 18 17
t 1286 44.8062015503876
m 22 0
0 11 0
1 18 1
2 17 17
t 1285 44.8062015503876
m 21 0
0 12 0
1 18 2
2 18 17
t 1284 45.581395348837205
m 21 0
0 11 0
1 19 2
2 17 17
t 1283 45.581395348837205
m 21 0
0 12 0
1 20 2
2 18 17
t 1282 45.581395348837205
m 22 0
0 11 0
1 19 2
2 18 16
t 1281 45.581395348837205
m 23 0
0 12 0
1 20 2
2 18 15
t 1280 45.581395348837205
m 22 0
0 13 0
1 21 2
2 18 14
t 1279 45.581395348837205
m 22 0
0 12 0
1 20 2
2 18 15
t 1278 45.581395348837205
m 22 0
0 11 0
1 21 2
2 19 15
t 1277 45.581395348837205
m 22 0
0 12 0
1 22 2
2 20 15
t 1276 45.581395348837205
m 21 0
0 11 0
1 23 2
2 19 15
t 1275 45.581395348837205
m 20 0
0 10 0
1 22 2
2 20 15
t 1274 45.581395348837205
m 19 0
0 9 0
1 23 2
2 19 15
t 1273 45.581395348837205
m 18 0
0 10 0
1 22 2
2 18 15
t 1272 46.356589147286826
m 18 1
0 9 0
1 23 2
2 18 16
t 1271 46.356589147286826
m 18 0
0 10 0
1 22 2
2 18 15
t 1270 46.356589147286826
m 19 0
0 9 0
1 23 2
2 18 14
t 1269 46.356589147286826
m 18 0
0 8 0
1 24 2
2 18 15
t 1268 46.356589147286826
m 19 0
0 9 0
1 25 2
2 19 15
t 1267 46.356589147286826
m 18 0
0 8 0
1 25 3
2 18 15
t 1266 46.356589147286826
m 18 0
0 7 0
1 26 3
2 18 16
t 1265 46.356589147286826
m 18 0
0 8 0
1 27 3
2 18 15
t 1264 46.356589147286826
m 19 0
0 9 0
1 26 3
2 18 16
t 1263 46.356589147286826
m 19 0
0 10 0
1 25 3
2 18 15
t 1262 46.356589147286826
m 19 0
0 11 0
1 26 3
2 19 15
t 1261 46.356589147286826
m 19 0
0 10 0
1 27 3
2 20 15
t 1260 46.356589147286826
m 19 0
0 11 0
1 28 3
2 19 15
t 1259 46.356589147286826
m 18 0
0 12 0
1 29 3
2 18 15
t 1258 46.356589147286826
m 19 0
0 13 0
1 30 3
2 18 16
t 1257 46.356589147286826
m 19 0
0 12 0
1 31 3
2 18 15
t 1256 46.356589147286826
m 19 0
0 11 0
1 32 3
2 19 15
t 1255 46.356589147286826
m 18 0
0 10 0
1 31 3
2 18 15
t 1254 46.356589147286826
m 18 1
0 9 0
1 32 3
2 19 15
t 1253 46.356589147286826
m 18 0
0 8 0
1 33 3
2 20 15
t 1252 46.356589147286826
m 19 0
0 7 0
1 32 3
2 19 15
t 1251 46.356589147286826
m 20 0
0 7 1
1 31 3
2 18 15
t 1250 46.356589147286826
m 19 0
0 7 0
1 30 3
2 19 15
t 1249 46.356589147286826
m 19 0
0 6 0
1 29 3
2 20 15
t 1248 46.356589147286826
m 19 0
0 5 0
1 28 3
2 21 15
t 1247 46.356589147286826
m 18 0
0 6 0
1 27 3
2 22 15
t 1246 46.356589147286826
m 18 0
0 7 0
1 28 3
2 21 15
t 1245 46.356589147286826
m 19 0
0 6 0
1 29 3
2 20 15
t 1244 46.356589147286826
m 19 0
0 5 0
1 28 3
2 19 15
t 1243 46.356589147286826
m 18 0
0 4 0
1 27 3
2 18 15
t 1242 46.356589147286826
m 18 1
0 5 0
1 28 3
2 18 14
t 1241 46.356589147286826
m 18 0
0 4 0
1 29 3
2 17 14
t 1240 46.356589147286826
m 18 1
0 5 0
1 30 3
2 18 14
t 1239 46.356589147286826
m 18 1
0 6 0
1 29 3
2 18 13
t 1238 46.356589147286826
m 18 0
0 7 0
1 30 3
2 19 13
t 1237 46.356589147286826
m 18 1
0 6 0
1 29 3
2 20 13
t 1236 46.356589147286826
m 18 0
0 5 0
1 29 4
2 19 13
t 1235 46.356589147286826
m 19 0
0 6 0
1 29 5
2 20 13
t 1234 46.356589147286826
m 19 0
0 7 0
1 29 4
2 21 13
t 1233 46.356589147286826
m 19 0
0 7 1
1 29 5
2 20 13
t 1232 46.356589147286826
m 19 0
0 7 2
1 29 4
2 19 13
t 1231 46.356589147286826
m 19 0
0 7 3
1 29 3
2 20 13
t 1230 46.356589147286826
m 19 0
0 8 3
1 30 3
2 21 13
t 1229 46.356589147286826
m 18 0
0 9 3
1 31 3
2 21 12
t 1228 46.356589147286826
m 19 0
0 9 4
1 32 3
2 21 11
t 1227 46.356589147286826
m 19 0
0 9 3
1 31 3
2 21 12
t 1226 46.356589147286826
m 19 0
0 9 4
1 30 3
2 21 13
t 1225 46.356589147286826
m 19 0
0 9 3
1 29 3
2 20 13
t 1224 46.356589147286826
m 19 0
0 9 2
1 30 3
2 19 13
t 1223 46.356589147286826
m 20 0
0 10 2
1 31 3
2 20 13
t 1222 46.356589147286826
m 19 0
0 9 2
1 32 3
2 21 13
t 1221 46.356589147286826
m 19 0
0 9 3
1 31 3
2 20 13
t 1220 46.356589147286826
m 19 0
0 9 4
1 32 3
2 19 13
t 1219 46.356589147286826
m 18 0
0 9 5
1 33 3
2 20 13
t 1218 46.356589147286826
m 18 0
0 10 5
1 34 3
2 21 13
t 1217 46.356589147286826
m 18 1
0 9 5
1 34 2
2 21 12
t 1216 46.356589147286826
m 18 0
0 10 5
1 34 3
2 21 13
t 1215 46.356589147286826
m 19 0
0 11 5
1 34 2
2 22 13
t 1214 46.356589147286826
m 19 0
0 10 5
1 34 1
2 21 13
t 1213 46.356589147286826
m 19 0
0 9 5
1 34 2
2 21 12
t 1212 46.356589147286826
m 19 0
0 9 6
1 34 3
2 21 11
t 1211 46.356589147286826
m 18 0
0 9 7
1 34 2
2 21 12
t 1210 46.356589147286826
m 18 0
0 9 6
1 34 1
2 21 13
t 1209 46.356589147286826
m 18 0
0 9 5
1 34 2
2 22 13
t 1208 46.356589147286826
m 19 0
0 9 6
1 34 3
2 23 13
t 1207 46.356589147286826
m 19 0
0 9 5
1 34 4
2 24 13
t 1206 46.356589147286826
m 19 0
0 10 5
1 34 3
2 25 13
t 1205 46.356589147286826
m 19 0
0 11 5
1 34 4
2 26 13
t 1204 46.356589147286826
m 19 0
0 12 5
1 34 3
2 26 14
t 1203 46.356589147286826
m 19 0
0 13 5
1 33 3
2 26 15
t 1202 46.356589147286826
m 20 0
0 13 4
1 34 3
2 26 14
t 1201 46.356589147286826
m 19 0
0 13 5
1 33 3
2 26 15
t 1200 46.356589147286826
m 19 0
0 12 5
1 32 3
2 26 14
t 1199 46.356589147286826
m 19 0
0 13 5
1 33 3
2 26 15
t 1198 46.356589147286826
m 20 0
0 12 5
1 32 3
2 26 14
t 1197 46.356589147286826
m 19 0
0 11 5
1 33 3
2 26 15
t 1196 46.356589147286826
m 19 0
0 10 5
1 34 3
2 25 15
t 1195 46.356589147286826
m 19 0
0 11 5
1 34 4
2 26 15
t 1194 46.356589147286826
m 18 0
0 10 5
1 34 5
2 27 15
t 1193 46.356589147286826
m 18 0
0 11 5
1 34 4
2 26 15
t 1192 46.356589147286826
m 19 0
0 10 5
1 34 5
2 27 15
t 1191 46.356589147286826
m 18 0
0 9 5
1 34 6
2 26 15
t 1190 46.356589147286826
m 18 0
0 10 5
1 34 7
2 27 15
t 1189 46.356589147286826
m 19 0
0 9 5
1 34 6
2 26 15
t 1188 46.356589147286826
m 19 0
0 9 4
1 34 5
2 25 15
t 1187 46.356589147286826
m 19 0
0 9 3
1 34 4
2 26 15
t 1186 46.356589147286826
m 20 0
0 9 4
1 34 3
2 26 14
t 1185 46.356589147286826
m 19 0
0 9 5
1 34 4
2 26 13
t 1184 46.356589147286826
m 20 0
0 9 4
1 34 3
2 27 13
t 1183 46.356589147286826
m 19 0
0 9 3
1 34 4
2 26 13
t 1182 46.356589147286826
m 19 0
0 9 4
1 34 5
2 27 13
t 1181 46.356589147286826
m 18 0
0 9 3
1 34 6
2 26 13
t 1180 46.356589147286826
m 18 0
0 9 2
1 34 5
2 25 13
t 1179 46.356589147286826
m 19 0
0 9 3
1 34 6
2 26 13
t 1178 46.356589147286826
m 19 0
0 9 4
1 34 5
2 26 14
t 1177 46.356589147286826
m 19 0
0 9 3
1 34 6
2 26 13
t 1176 46.356589147286826
m 18 0
0 9 4
1 34 7
2 26 14
t 1175 46.356589147286826
m 18 0
0 9 3
1 34 6
2 26 13
t 1174 46.356589147286826
m 19 0
0 9 4
1 34 5
2 27 13
t 1173 46.356589147286826
m 18 0
0 9 3
1 34 6
2 26 13
t 1172 46.356589147286826
m 19 0
0 9 2
1 34 7
2 27 13
t 1171 46.356589147286826
m 20 0
0 9 3
1 34 6
2 26 13
t 1170 46.356589147286826
m 19 0
0 8 3
1 34 5
2 26 14
t 1169 46.356589147286826
m 19 0
0 9 3
1 34 6
2 26 13
t 1168 46.356589147286826
m 19 0
0 9 2
1 34 7
2 27 13
t 1167 46.356589147286826
m 20 0
0 10 2
1 34 6
2 26 13
t 1166 46.356589147286826
m 19 0
0 11 2
1 34 5
2 25 13
t 1165 46.356589147286826
m 19 0
0 12 2
1 34 4
2 24 13
t 1164 46.356589147286826
m 19 0
0 13 2
1 34 5
2 23 13
t 1163 46.356589147286826
m 19 0
0 13 3
1 34 6
2 23 12
t 1162 46.356589147286826
m 19 0
0 13 2
1 34 7
2 23 11
t 1161 46.356589147286826
m 19 0
0 14 2
1 34 8
2 24 11
t 1160 46.356589147286826
m 18 0
0 13 2
1 34 7
2 25 11
t 1159 46.356589147286826
m 18 0
0 13 3
1 34 8
2 24 11
t 1158 46.356589147286826
m 19 0
0 13 2
1 33 8
2 25 11
t 1157 46.356589147286826
m 18 0
0 13 3
1 34 8
2 26 11
t 1156 46.356589147286826
m 18 0
0 13 4
1 33 8
2 27 11
t 1155 46.356589147286826
m 19 0
0 13 5
1 34 8
2 28 11
t 1154 46.356589147286826
m 19 0
0 12 5
1 33 8
2 29 11
t 1153 46.356589147286826
m 20 0
0 13 5
1 34 8
2 30 11
t 1152 46.356589147286826
m 20 0
0 12 5
1 33 8
2 29 11
t 1151 46.356589147286826
m 19 0
0 13 5
1 34 8
2 28 11
t 1150 46.356589147286826
m 19 0
0 13 4
1 33 8
2 27 11
t 1149 46.356589147286826
m 20 0
0 13 5
1 32 8
2 26 11
t 1148 46.356589147286826
m 19 0
0 12 5
1 31 8
2 27 11
t 1147 46.356589147286826
m 18 0
0 13 5
1 30 8
2 26 11
t 1146 46.356589147286826
m 19 0
0 12 5
1 31 8
2 27 11
t 1145 46.356589147286826
m 19 0
0 11 5
1 32 8
2 28 11
t 1144 46.356589147286826
m 19 0
0 10 5
1 31 8
2 27 11
t 1143 46.356589147286826
m 19 0
0 11 5
1 31 9
2 26 11
t 1142 46.356589147286826
m 19 0
0 10 5
1 31 8
2 27 11
t 1141 46.356589147286826
m 18 0
0 9 5
1 31 7
2 28 11
t 1140 46.356589147286826
m 18 0
0 9 6
1 31 8
2 29 11
t 1139 46.356589147286826
m 19 0
0 9 5
1 32 8
2 30 11
t 1138 46.356589147286826
m 19 0
0 9 4
1 31 8
2 31 11
t 1137 46.356589147286826
m 19 0
0 9 3
1 30 8
2 32 11
t 1136 46.356589147286826
m 19 0
0 9 2
1 31 8
2 32 12
t 1135 46.356589147286826
m 19 0
0 9 3
1 32 8
2 32 13
t 1134 46.356589147286826
m 19 0
0 9 4
1 33 8
2 32 14
t 1133 46.356589147286826
m 20 0
0 9 5
1 32 8
2 32 13
t 1132 46.356589147286826
m 20 0
0 9 6
1 33 8
2 32 14
t 1131 46.356589147286826
m 21 0
0 9 5
1 32 8
2 32 13
t 1130 46.356589147286826
m 22 0
0 10 5
1 31 8
2 32 12
t 1129 46.356589147286826
m 22 0
0 9 5
1 30 8
2 32 11
t 1128 46.356589147286826
m 21 0
0 9 4
1 31 8
2 32 12
t 1127 46.356589147286826
m 20 0
0 9 5
1 30 8
2 32 13
t 1126 46.356589147286826
m 20 0
0 9 4
1 31 8
2 31 13
t 1125 46.356589147286826
m 19 0
0 9 5
1 31 7
2 30 13
t 1124 46.356589147286826
m 19 0
0 9 6
1 31 8
2 29 13
t 1123 46.356589147286826
m 19 0
0 8 6
1 32 8
2 28 13
t 1122 46.356589147286826
m 18 0
0 9 6
1 31 8
2 27 13
t 1121 46.356589147286826
m 19 0
0 9 7
1 30 8
2 28 13
t 1120 46.356589147286826
m 20 0
0 9 6
1 29 8
2 29 13
t 1119 46.356589147286826
m 19 0
0 8 6
1 30 8
2 28 13
t 1118 46.356589147286826
m 20 0
0 9 6
1 31 8
2 29 13
t 1117 46.356589147286826
m 21 0
0 9 5
1 30 8
2 28 13
t 1116 46.356589147286826
m 22 0
0 9 4
1 31 8
2 27 13
t 1115 46.356589147286826
m 21 0
0 9 3
1 31 7
2 28 13
t 1114 46.356589147286826
m 21 0
0 8 3
1 31 8
2 27 13
t 1113 46.356589147286826
m 22 0
0 9 3
1 32 8
2 26 13
t 1112 46.356589147286826
m 22 0
0 8 3
1 31 8
2 25 13
t 1111 46.356589147286826
m 21 0
0 9 3
1 31 7
2 24 13
t 1110 46.356589147286826
m 22 0
0 8 3
1 31 8
2 23 13
t 1109 46.356589147286826
m 21 0
0 7 3
1 32 8
2 23 12
t 1108 46.356589147286826
m 20 0
0 7 2
1 31 8
2 23 13
t 1107 46.356589147286826
m 19 0
0 7 1
1 31 7
2 23 12
t 1106 46.356589147286826
m 20 0
0 7 2
1 31 8
2 23 13
t 1105 46.356589147286826
m 19 0
0 7 3
1 32 8
2 24 13
t 1104 46.356589147286826
m 18 0
0 6 3
1 31 8
2 25 13
t 1103 46.356589147286826
m 19 0
0 7 3
1 30 8
2 24 13
t 1102 46.356589147286826
m 19 0
0 7 2
1 29 8
2 23 13
t 1101 46.356589147286826
m 19 0
0 7 3
1 28 8
2 24 13
t 1100 46.356589147286826
m 19 0
0 8 3
1 28 9
2 23 13
t 1099 46.356589147286826
m 19 0
0 7 3
1 28 10
2 22 13
t 1098 46.356589147286826
m 19 0
0 8 3
1 28 11
2 23 13
t 1097 46.356589147286826
m 19 0
0 7 3
1 27 11
2 23 12
t 1096 46.356589147286826
m 18 0
0 8 3
1 28 11
2 23 11
t 1095 46.356589147286826
m 18 0
0 7 3
1 29 11
2 24 11
t 1094 46.356589147286826
m 19 0
0 7 2
1 30 11
2 23 11
t 1093 46.356589147286826
m 19 0
0 7 1
1 29 11
2 24 11
t 1092 46.356589147286826
m 19 0
0 7 2
1 28 11
2 23 11
t 1091 46.356589147286826
m 18 0
0 7 3
1 29 11
2 23 10
t 1090 46.356589147286826
m 18 0
0 6 3
1 30 11
2 23 9
t 1089 46.356589147286826
m 18 0
0 7 3
1 31 11
2 24 9
t 1088 46.356589147286826
m 19 0
0 6 3
1 32 11
2 23 9
t 1087 46.356589147286826
m 19 0
0 5 3
1 33 11
2 23 8
t 1086 46.356589147286826
m 18 0
0 5 4
1 32 11
2 23 9
t 1085 46.356589147286826
m 18 1
0 5 5
1 31 11
2 23 10
t 1084 46.356589147286826
m 18 0
0 5 4
1 32 11
2 23 11
t 1083 46.356589147286826
m 18 0
0 5 5
1 33 11
2 23 12
t 1082 46.356589147286826
m 18 0
0 5 6
1 32 11
2 23 13
t 1081 46.356589147286826
m 18 1
0 6 6
1 32 12
2 23 12
t 1080 46.356589147286826
m 18 0
0 5 6
1 32 11
2 23 13
t 1079 46.356589147286826
m 18 0
0 5 5
1 32 12
2 23 12
t 1078 46.356589147286826
m 18 0
0 5 4
1 32 11
2 23 13
t 1077 46.356589147286826
m 18 0
0 5 5
1 32 12
2 24 13
t 1076 46.356589147286826
m 19 0
0 5 4
1 32 13
2 23 13
t 1075 46.356589147286826
m 19 0
0 5 5
1 32 14
2 22 13
t 1074 46.356589147286826
m 18 0
0 5 4
1 32 13
2 21 13
t 1073 46.356589147286826
m 18 0
0 5 3
1 32 14
2 20 13
t 1072 46.356589147286826
m 18 0
0 4 3
1 32 13
2 19 13
t 1071 46.356589147286826
m 18 0
0 3 3
1 32 12
2 20 13
t 1070 46.356589147286826
m 18 0
0 2 3
1 32 13
2 21 13
t 1069 46.356589147286826
m 19 0
0 1 3
1 32 12
2 21 12
t 1068 46.356589147286826
m 19 0
0 2 3
1 32 13
2 21 11
t 1067 46.356589147286826
m 18 0
0 3 3
1 31 13
2 20 11
t 1066 46.356589147286826
m 19 0
0 2 3
1 32 13
2 19 11
t 1065 46.356589147286826
m 18 0
0 3 3
1 31 13
2 18 11
t 1064 46.356589147286826
m 19 0
0 4 3
1 30 13
2 17 11
t 1063 46.356589147286826
m 19 0
0 5 3
1 29 13
2 18 11
t 1062 46.356589147286826
m 19 0
0 6 3
1 28 13
2 19 11
t 1061 46.356589147286826
m 18 0
0 7 3
1 29 13
2 18 11
t 1060 46.356589147286826
m 19 0
0 7 2
1 30 13
2 19 11
t 1059 46.356589147286826
m 19 0
0 7 1
1 31 13
2 20 11
t 1058 46.356589147286826
m 19 0
0 7 2
1 30 13
2 21 11
t 1057 46.356589147286826
m 19 0
0 7 3
1 29 13
2 21 12
t 1056 46.356589147286826
m 18 0
0 6 3
1 30 13
2 21 11
t 1055 46.356589147286826
m 18 0
0 5 3
1 29 13
2 20 11
t 1054 46.356589147286826
m 18 1
0 6 3
1 30 13
2 19 11
t 1053 46.356589147286826
m 18 0
0 7 3
1 29 13
2 18 11
t 1052 46.356589147286826
m 19 0
0 8 3
1 30 13
2 19 11
t 1051 46.356589147286826
m 18 0
0 7 3
1 31 13
2 18 11
t 1050 46.356589147286826
m 18 0
0 8 3
1 30 13
2 19 11
t 1049 46.356589147286826
m 18 0
0 7 3
1 29 13
2 18 11
t 1048 46.356589147286826
m 18 1
0 6 3
1 30 13
2 19 11
t 1047 46.356589147286826
m 18 0
0 5 3
1 29 13
2 20 11
t 1046 46.356589147286826
m 19 0
0 4 3
1 28 13
2 21 11
t 1045 46.356589147286826
m 18 0
0 3 3
1 27 13
2 21 10
t 1044 46.356589147286826
m 18 0
0 2 3
1 28 13
2 21 11
t 1043 46.356589147286826
m 18 0
0 3 3
1 27 13
2 21 12
t 1042 46.356589147286826
m 19 0
0 2 3
1 28 13
2 21 11
t 1041 46.356589147286826
m 18 0
0 1 3
1 29 13
2 20 11
t 1040 46.356589147286826
m 18 0
0 2 3
1 28 13
2 21 11
t 1039 46.356589147286826
m 18 0
0 3 3
1 27 13
2 21 10
t 1038 46.356589147286826
m 18 1
0 2 3
1 28 13
2 21 11
t 1037 46.356589147286826
m 18 1
0 3 3
1 29 13
2 21 10
t 1036 46.356589147286826
m 18 0
0 4 3
1 28 13
2 21 11
t 1035 46.356589147286826
m 18 1
0 3 3
1 29 13
2 21 10
t 1034 46.356589147286826
m 18 1
0 4 3
1 30 13
2 21 11
t 1033 46.356589147286826
m 18 0
0 3 3
1 29 13
2 20 11
t 1032 46.356589147286826
m 19 0
0 4 3
1 30 13
2 21 11
t 1031 46.356589147286826
m 18 0
0 5 3
1 31 13
2 20 11
t 1030 46.356589147286826
m 19 0
0 5 4
1 32 13
2 19 11
t 1029 46.356589147286826
m 18 0
0 5 5
1 32 14
2 18 11
t 1028 46.356589147286826
m 18 0
0 5 4
1 32 15
2 17 11
t 1027 46.356589147286826
m 19 0
0 5 3
1 32 14
2 16 11
t 1026 46.356589147286826
m 19 0
0 6 3
1 32 13
2 17 11
t 1025 46.356589147286826
m 19 0
0 7 3
1 32 12
2 16 11
t 1024 46.356589147286826
m 20 0
0 8 3
1 32 11
2 17 11
t 1023 46.356589147286826
m 19 0
0 7 3
1 31 11
2 18 11
t 1022 46.356589147286826
m 18 0
0 7 2
1 30 11
2 17 11
t 1021 46.356589147286826
m 19 0
0 7 3
1 29 11
2 16 11
t 1020 46.356589147286826
m 20 0
0 7 2
1 30 11
2 15 11
t 1019 46.356589147286826
m 19 0
0 7 3
1 31 11
2 14 11
t 1018 46.356589147286826
m 19 0
0 7 2
1 30 11
2 13 11
t 1017 46.356589147286826
m 18 0
0 7 3
1 29 11
2 13 12
t 1016 46.356589147286826
m 19 0
0 7 2
1 28 11
2 13 11
t 1015 46.356589147286826
m 19 0
0 7 3
1 27 11
2 13 12
t 1014 46.356589147286826
m 20 0
0 6 3
1 26 11
2 13 13
t 1013 46.356589147286826
m 19 0
0 5 3
1 27 11
2 12 13
t 1012 46.356589147286826
m 19 0
0 6 3
1 28 11
2 13 13
t 1011 46.356589147286826
m 19 0
0 7 3
1 28 10
2 14 13
t 1010 46.356589147286826
m 20 0
0 8 3
1 28 9
2 15 13
t 1009 46.356589147286826
m 21 0
0 9 3
1 28 8
2 14 13
t 1008 46.356589147286826
m 20 0
0 9 2
1 28 9
2 15 13
t 1007 46.356589147286826
m 20 0
0 9 3
1 27 9
2 14 13
t 1006 46.356589147286826
m 21 0
0 9 2
1 28 9
2 15 13
t 1005 46.356589147286826
m 22 0
0 9 3
1 27 9
2 16 13
t 1004 46.356589147286826
m 21 0
0 9 2
1 28 9
2 16 14
t 1003 46.356589147286826
m 22 0
0 10 2
1 28 8
2 17 14
t 1002 46.356589147286826
m 22 0
0 11 2
1 29 8
2 18 14
t 1001 46.356589147286826
m 23 0
0 10 2
1 30 8
2 18 13
t 1000 46.356589147286826
m 22 0
0 9 2
1 31 8
2 18 14
t 999 46.356589147286826
m 23 0
0 9 3
1 30 8
2 18 13
t 998 46.356589147286826
m 22 0
0 8 3
1 31 8
2 18 14
t 997 46.356589147286826
m 22 0
0 7 3
1 31 7
2 18 15
t 996 46.356589147286826
m 21 0
0 8 3
1 31 8
2 18 16
t 995 46.356589147286826
m 21 0
0 9 3
1 32 8
2 18 15
t 994 46.356589147286826
m 22 0
0 9 4
1 31 8
2 19 15
t 993 46.356589147286826
m 21 0
0 9 5
1 32 8
2 20 15
t 992 46.356589147286826
m 22 0
0 10 5
1 31 8
2 21 15
t 991 46.356589147286826
m 22 0
0 11 5
1 32 8
2 22 15
t 990 46.356589147286826
m 21 0
0 12 5
1 31 8
2 22 16
t 989 46.356589147286826
m 22 0
0 11 5
1 31 9
2 22 17
t 988 46.356589147286826
m 22 0
0 12 5
1 31 8
2 22 16
t 987 46.356589147286826
m 22 0
0 11 5
1 31 7
2 22 17
t 986 46.356589147286826
m 22 0
0 12 5
1 31 6
2 22 16
t 985 46.356589147286826
m 22 0
0 11 5
1 31 7
2 22 15
t 984 46.356589147286826
m 22 0
0 12 5
1 31 8
2 21 15
t 983 46.356589147286826
m 22 0
0 11 5
1 31 9
2 22 15
t 982 46.356589147286826
m 21 0
0 10 5
1 31 10
2 22 16
t 981 46.356589147286826
m 20 0
0 9 5
1 31 9
2 22 17
t 980 46.356589147286826
m 20 0
0 10 5
1 31 8
2 22 16
t 979 46.356589147286826
m 20 0
0 9 5
1 30 8
2 22 15
t 978 46.356589147286826
m 19 0
0 10 5
1 29 8
2 22 16
t 977 46.356589147286826
m 18 0
0 11 5
1 28 8
2 22 15
t 976 46.356589147286826
m 19 0
0 12 5
1 29 8
2 22 16
t 975 46.356589147286826
m 19 0
0 13 5
1 30 8
2 22 17
t 974 46.356589147286826
m 19 0
0 13 4
1 29 8
2 21 17
t 973 46.356589147286826
m 20 0
0 14 4
1 30 8
2 20 17
t 972 46.356589147286826
m 19 0
0 15 4
1 29 8
2 19 17
t 971 46.356589147286826
m 19 0
0 16 4
1 30 8
2 20 17
t 970 46.356589147286826
m 19 0
0 17 4
1 31 8
2 21 17
t 969 46.356589147286826
m 20 0
0 17 5
1 31 9
2 20 17
t 968 46.356589147286826
m 19 0
0 17 6
1 31 8
2 21 17
t 967 46.356589147286826
m 18 0
0 17 7
1 31 9
2 22 17
t 966 46.356589147286826
m 19 0
0 18 7
1 31 10
2 23 17
t 965 46.356589147286826
m 19 0
0 19 7
1 31 11
2 24 17
t 964 46.356589147286826
m 18 0
0 20 7
1 32 11
2 23 17
t 963 46.356589147286826
m 18 1
0 19 7
1 32 12
2 24 17
t 962 46.356589147286826
m 18 1
0 20 7
1 32 13
2 23 17
t 961 46.356589147286826
m 18 1
0 21 7
1 32 12
2 24 17
t 960 46.356589147286826
m 18 0
0 22 7
1 32 13
2 25 17
t 959 46.356589147286826
m 18 0
0 23 7
1 32 12
2 24 17
t 958 46.356589147286826
m 18 0
0 24 7
1 32 11
2 25 17
t 957 46.356589147286826
m 18 1
0 25 7
1 32 12
2 24 17
t 956 46.356589147286826
m 18 1
0 25 6
1 32 13
2 23 17
t 955 46.356589147286826
m 18 1
0 26 6
1 31 13
2 24 17
t 954 46.356589147286826
m 18 1
0 25 6
1 32 13
2 23 17
t 953 46.356589147286826
m 18 0
0 26 6
1 31 13
2 22 17
t 952 46.356589147286826
m 18 0
0 25 6
1 32 13
2 21 17
t 951 46.356589147286826
m 18 0
0 25 5
1 32 14
2 20 17
t 950 46.356589147286826
m 18 0
0 25 4
1 32 13
2 19 17
t 949 46.356589147286826
m 18 0
0 25 5
1 32 14
2 20 17
t 948 46.356589147286826
m 18 0
0 25 4
1 32 15
2 19 17
t 947 46.356589147286826
m 19 0
0 25 5
1 32 16
2 20 17
t 946 46.356589147286826
m 19 0
0 25 6
1 32 15
2 19 17
t 945 46.356589147286826
m 18 0
0 25 5
1 31 15
2 20 17
t 944 46.356589147286826
m 18 0
0 25 6
1 32 15
2 21 17
t 943 46.356589147286826
m 18 0
0 26 6
1 31 15
2 22 17
t 942 46.356589147286826
m 18 0
0 27 6
1 32 15
2 23 17
t 941 46.356589147286826
m 18 1
0 28 6
1 32 16
2 22 17
t 940 46.356589147286826
m 18 0
0 27 6
1 32 15
2 21 17
t 939 46.356589147286826
m 18 0
0 26 6
1 33 15
2 20 17
t 938 46.356589147286826
m 19 0
0 25 6
1 34 15
2 21 17
t 937 46.356589147286826
m 18 0
0 26 6
1 34 16
2 20 17
t 936 46.356589147286826
m 18 0
0 25 6
1 34 17
2 21 17
t 935 46.356589147286826
m 18 1
0 25 7
1 34 18
2 20 17
t 934 46.356589147286826
m 18 0
0 24 7
1 34 19
2 21 17
t 933 46.356589147286826
m 18 0
0 25 7
1 34 18
2 20 17
t 932 46.356589147286826
m 18 0
0 24 7
1 34 17
2 19 17
t 931 46.356589147286826
m 18 0
0 23 7
1 34 16
2 18 17
t 930 46.356589147286826
m 18 0
0 22 7
1 34 15
2 18 16
t 929 46.356589147286826
m 18 1
0 23 7
1 34 14
2 18 17
t 928 46.356589147286826
m 18 0
0 23 8
1 34 15
2 17 17
t 927 46.356589147286826
m 19 0
0 23 9
1 33 15
2 18 17
t 926 46.356589147286826
m 18 0
0 23 8
1 34 15
2 19 17
t 925 46.356589147286826
m 18 0
0 23 9
1 34 16
2 20 17
t 924 46.356589147286826
m 18 0
0 23 10
1 34 15
2 19 17
t 923 46.356589147286826
m 18 0
0 23 9
1 33 15
2 18 17
t 922 46.356589147286826
m 18 0
0 23 10
1 32 15
2 19 17
t 921 46.356589147286826
m 18 0
0 23 11
1 32 16
2 18 17
t 920 46.356589147286826
m 18 0
0 24 11
1 32 15
2 18 18
t 919 46.356589147286826
m 18 1
0 23 11
1 33 15
2 18 17
t 918 46.356589147286826
m 18 0
0 23 10
1 32 15
2 18 18
t 917 46.356589147286826
m 19 0
0 23 9
1 32 14
2 18 19
t 916 46.356589147286826
m 19 0
0 23 8
1 32 13
2 18 18
t 915 46.356589147286826
m 18 0
0 23 7
1 32 14
2 18 19
t 914 46.356589147286826
m 18 0
0 23 8
1 32 15
2 18 18
t 913 46.356589147286826
m 18 1
0 23 7
1 31 15
2 18 17
t 912 46.356589147286826
m 18 0
0 24 7
1 30 15
2 19 17
t 911 46.356589147286826
m 18 0
0 25 7
1 31 15
2 18 17
t 910 46.356589147286826
m 18 0
0 24 7
1 30 15
2 17 17
t 909 46.356589147286826
m 18 0
0 23 7
1 31 15
2 18 17
t 908 46.356589147286826
m 18 0
0 23 8
1 30 15
2 18 18
t 907 46.356589147286826
m 18 0
0 23 7
1 31 15
2 18 17
t 906 46.356589147286826
m 18 0
0 23 8
1 30 15
2 18 18
t 905 46.356589147286826
m 18 0
0 23 9
1 31 15
2 18 17
t 904 46.356589147286826
m 18 0
0 24 9
1 30 15
2 18 16
t 903 46.356589147286826
m 19 0
0 23 9
1 29 15
2 18 15
t 902 46.356589147286826
m 19 0
0 24 9
1 30 15
2 19 15
t 901 46.356589147286826
m 18 0
0 23 9
1 31 15
2 18 15
t 900 46.356589147286826
m 18 0
0 23 10
1 30 15
2 19 15
t 899 46.356589147286826
m 18 0
0 23 11
1 29 15
2 20 15
t 898 46.356589147286826
m 18 0
0 24 11
1 28 15
2 19 15
t 897 46.356589147286826
m 18 0
0 25 11
1 27 15
2 18 15
t 896 46.356589147286826
m 18 1
0 26 11
1 28 15
2 18 14
t 895 46.356589147286826
m 18 0
0 27 11
1 29 15
2 18 13
t 894 46.356589147286826
m 18 0
0 26 11
1 28 15
2 18 14
t 893 46.356589147286826
m 19 0
0 27 11
1 27 15
2 18 15
t 892 46.356589147286826
m 19 0
0 28 11
1 28 15
2 18 16
t 891 46.356589147286826
m 19 0
0 27 11
1 29 15
2 18 15
t 890 46.356589147286826
m 20 0
0 26 11
1 30 15
2 18 16
t 889 46.356589147286826
m 19 0
0 25 11
1 31 15
2 18 17
t 888 46.356589147286826
m 19 0
0 24 11
1 30 15
2 18 16
t 887 46.356589147286826
m 18 0
0 25 11
1 29 15
2 18 15
t 886 46.356589147286826
m 18 0
0 24 11
1 30 15
2 18 16
t 885 46.356589147286826
m 18 1
0 25 11
1 31 15
2 18 17
t 884 46.356589147286826
m 18 2
0 24 11
1 32 15
2 19 17
t 883 46.356589147286826
m 18 2
0 25 11
1 32 14
2 18 17
t 882 46.356589147286826
m 18 1
0 26 11
1 32 13
2 18 16
t 881 46.356589147286826
m 18 0
0 25 11
1 32 12
2 18 17
t 880 46.356589147286826
m 18 0
0 24 11
1 32 13
2 17 17
t 879 46.356589147286826
m 18 0
0 25 11
1 32 14
2 18 17
t 878 46.356589147286826
m 19 0
0 24 11
1 32 13
2 18 18
t 877 46.356589147286826
m 18 0
0 23 11
1 32 14
2 18 17
t 876 46.356589147286826
m 18 0
0 23 12
1 32 15
2 19 17
t 875 46.356589147286826
m 18 1
0 23 11
1 32 16
2 20 17
t 874 46.356589147286826
m 18 0
0 24 11
1 32 15
2 21 17
t 873 46.356589147286826
m 18 0
0 25 11
1 32 16
2 20 17
t 872 46.356589147286826
m 19 0
0 24 11
1 32 17
2 21 17
t 871 46.356589147286826
m 18 0
0 25 11
1 31 17
2 20 17
t 870 46.356589147286826
m 18 0
0 26 11
1 32 17
2 19 17
t 869 46.356589147286826
m 18 0
0 25 11
1 31 17
2 20 17
t 868 46.356589147286826
m 18 1
0 24 11
1 32 17
2 19 17
t 867 46.356589147286826
m 18 1
0 25 11
1 32 16
2 18 17
t 866 46.356589147286826
m 18 0
0 26 11
1 32 15
2 19 17
t 865 46.356589147286826
m 18 0
0 27 11
1 33 15
2 18 17
t 864 46.356589147286826
m 18 0
0 26 11
1 34 15
2 18 18
t 863 46.356589147286826
m 18 0
0 25 11
1 33 15
2 18 19
t 862 46.356589147286826
m 18 0
0 26 11
1 34 15
2 18 18
t 861 46.356589147286826
m 19 0
0 27 11
1 33 15
2 18 17
t 860 46.356589147286826
m 19 0
0 26 11
1 32 15
2 19 17
t 859 46.356589147286826
m 18 0
0 25 11
1 33 15
2 20 17
t 858 46.356589147286826
m 18 0
0 24 11
1 32 15
2 21 17
t 857 46.356589147286826
m 18 0
0 25 11
1 33 15
2 22 17
t 856 46.356589147286826
m 19 0
0 24 11
1 32 15
2 21 17
t 855 46.356589147286826
m 19 0
0 25 11
1 33 15
2 20 17
t 854 46.356589147286826
m 18 0
0 24 11
1 34 15
2 19 17
t 853 46.356589147286826
m 19 0
0 23 11
1 34 16
2 20 17
t 852 46.356589147286826
m 18 0
0 24 11
1 34 17
2 21 17
t 851 46.356589147286826
m 18 1
0 23 11
1 34 16
2 22 17
t 850 46.356589147286826
m 18 0
0 24 11
1 34 15
2 23 17
t 849 46.356589147286826
m 18 0
0 23 11
1 33 15
2 24 17
t 848 46.356589147286826
m 18 1
0 23 10
1 34 15
2 25 17
t 847 46.356589147286826
m 18 0
0 23 9
1 33 15
2 26 17
t 846 46.356589147286826
m 18 0
0 24 9
1 34 15
2 27 17
t 845 46.356589147286826
m 18 1
0 23 9
1 33 15
2 27 18
t 844 46.356589147286826
m 18 0
0 23 10
1 34 15
2 27 19
t 843 46.356589147286826
m 18 1
0 23 9
1 33 15
2 28 19
t 842 46.356589147286826
m 18 1
0 23 8
1 34 15
2 29 19
t 841 46.356589147286826
m 18 1
0 23 7
1 34 14
2 28 19
t 840 46.356589147286826
m 18 0
0 24 7
1 34 15
2 27 19
t 839 46.356589147286826
m 18 0
0 25 7
1 34 14
2 28 19
t 838 46.356589147286826
m 18 0
0 24 7
1 34 15
2 27 19
t 837 46.356589147286826
m 18 1
0 23 7
1 34 16
2 26 19
t 836 46.356589147286826
m 18 0
0 23 8
1 34 15
2 27 19
t 835 46.356589147286826
m 18 0
0 23 9
1 34 14
2 28 19
t 834 46.356589147286826
m 19 0
0 23 8
1 34 13
2 27 19
t 833 46.356589147286826
m 18 0
0 23 7
1 34 14
2 28 19
t 832 46.356589147286826
m 18 1
0 23 8
1 34 15
2 27 19
t 831 46.356589147286826
m 18 1
0 23 9
1 33 15
2 26 19
t 830 46.356589147286826
m 18 0
0 23 10
1 34 15
2 27 19
t 829 46.356589147286826
m 18 0
0 23 9
1 33 15
2 27 18
t 828 46.356589147286826
m 19 0
0 24 9
1 32 15
2 27 19
t 827 46.356589147286826
m 18 0
0 25 9
1 32 16
2 26 19
t 826 46.356589147286826
m 18 0
0 26 9
1 32 15
2 25 19
t 825 46.356589147286826
m 18 1
0 27 9
1 32 16
2 24 19
t 824 46.356589147286826
m 18 0
0 26 9
1 32 17
2 25 19
t 823 46.356589147286826
m 18 0
0 25 9
1 31 17
2 26 19
t 822 46.356589147286826
m 18 0
0 24 9
1 32 17
2 25 19
t 821 46.356589147286826
m 18 1
0 23 9
1 31 17
2 26 19
t 820 46.356589147286826
m 18 0
0 23 8
1 30 17
2 25 19
t 819 46.356589147286826
m 19 0
0 23 9
1 29 17
2 26 19
t 818 46.356589147286826
m 19 0
0 24 9
1 30 17
2 25 19
t 817 46.356589147286826
m 18 0
0 25 9
1 31 17
2 26 19
t 816 46.356589147286826
m 18 0
0 26 9
1 32 17
2 27 19
t 815 46.356589147286826
m 18 1
0 25 9
1 32 16
2 28 19
t 814 46.356589147286826
m 18 1
0 26 9
1 32 15
2 29 19
t 813 46.356589147286826
m 18 0
0 27 9
1 32 14
2 28 19
t 812 46.356589147286826
m 18 1
0 28 9
1 32 13
2 27 19
t 811 46.356589147286826
m 18 0
0 28 10
1 32 12
2 26 19
t 810 46.356589147286826
m 18 1
0 28 9
1 32 11
2 27 19
t 809 46.356589147286826
m 18 1
0 27 9
1 31 11
2 27 18
t 808 46.356589147286826
m 18 0
0 28 9
1 32 11
2 27 17
t 807 46.356589147286826
m 18 0
0 27 9
1 33 11
2 27 18
t 806 46.356589147286826
m 18 0
0 28 9
1 34 11
2 27 19
t 805 46.356589147286826
m 18 0
0 28 10
1 34 12
2 26 19
t 804 46.356589147286826
m 18 0
0 28 9
1 34 13
2 27 19
t 803 46.356589147286826
m 18 0
0 28 8
1 34 12
2 26 19
t 802 46.356589147286826
m 18 0
0 29 8
1 34 13
2 27 19
t 801 46.356589147286826
m 18 0
0 28 8
1 34 12
2 28 19
t 800 46.356589147286826
m 18 0
0 29 8
1 34 11
2 29 19
t 799 46.356589147286826
m 18 1
0 30 8
1 33 11
2 30 19
t 798 46.356589147286826
m 18 0
0 31 8
1 32 11
2 31 19
t 797 46.356589147286826
m 18 1
0 30 8
1 33 11
2 32 19
t 796 46.356589147286826
m 18 0
0 29 8
1 34 11
2 33 19
t 795 46.356589147286826
m 18 0
0 28 8
1 34 12
2 32 19
t 794 46.356589147286826
m 19 0
0 29 8
1 34 11
2 33 19
t 793 46.356589147286826
m 18 0
0 30 8
1 33 11
2 34 19
t 792 46.356589147286826
m 18 0
0 29 8
1 34 11
2 34 18
t 791 46.356589147286826
m 18 0
0 30 8
1 34 12
2 34 19
t 790 46.356589147286826
m 18 0
0 31 8
1 34 13
2 33 19
t 789 46.356589147286826
m 18 0
0 30 8
1 34 14
2 32 19
t 788 46.356589147286826
m 18 1
0 31 8
1 34 13
2 33 19
t 787 46.356589147286826
m 18 0
0 32 8
1 34 12
2 34 19
t 786 46.356589147286826
m 18 0
0 33 8
1 34 11
2 33 19
t 785 46.356589147286826
m 18 0
0 34 8
1 34 12
2 34 19
t 784 46.356589147286826
m 18 0
0 33 8
1 34 13
2 34 18
t 783 46.356589147286826
m 18 1
0 32 8
1 34 14
2 34 19
t 782 46.356589147286826
m 18 0
0 33 8
1 34 13
2 34 18
t 781 46.356589147286826
m 19 0
0 32 8
1 34 14
2 34 19
t 780 46.356589147286826
m 18 0
0 31 8
1 34 15
2 33 19
t 779 46.356589147286826
m 18 0
0 30 8
1 34 16
2 32 19
t 778 46.356589147286826
m 18 0
0 29 8
1 34 15
2 33 19
t 777 46.356589147286826
m 18 0
0 30 8
1 34 14
2 32 19
t 776 46.356589147286826
m 18 1
0 29 8
1 34 13
2 31 19
t 775 46.356589147286826
m 18 1
0 30 8
1 34 14
2 30 19
t 774 46.356589147286826
m 18 0
0 29 8
1 34 13
2 29 19
t 773 46.356589147286826
m 18 0
0 28 8
1 34 12
2 30 19
t 772 46.356589147286826
m 19 0
0 28 9
1 34 11
2 31 19
t 771 46.356589147286826
m 19 0
0 27 9
1 34 12
2 30 19
t 770 46.356589147286826
m 18 0
0 26 9
1 34 11
2 31 19
t 769 46.356589147286826
m 18 1
0 27 9
1 34 12
2 30 19
t 768 46.356589147286826
m 18 1
0 28 9
1 34 13
2 31 19
t 767 46.356589147286826
m 18 0
0 28 8
1 34 12
2 30 19
t 766 46.356589147286826
m 19 0
0 29 8
1 34 11
2 29 19
t 765 46.356589147286826
m 18 0
0 28 8
1 33 11
2 30 19
t 764 46.356589147286826
m 19 0
0 28 9
1 32 11
2 29 19
t 763 46.356589147286826
m 19 0
0 28 8
1 31 11
2 28 19
t 762 46.356589147286826
m 18 0
0 29 8
1 32 11
2 27 19
t 761 46.356589147286826
m 19 0
0 28 8
1 33 11
2 28 19
t 760 46.356589147286826
m 19 0
0 28 9
1 32 11
2 29 19
t 759 46.356589147286826
m 18 0
0 27 9
1 32 12
2 30 19
t 758 46.356589147286826
m 19 0
0 26 9
1 32 11
2 29 19
t 757 46.356589147286826
m 18 0
0 25 9
1 32 12
2 28 19
t 756 46.356589147286826
m 18 0
0 26 9
1 32 13
2 27 19
t 755 46.356589147286826
m 19 0
0 27 9
1 31 13
2 26 19
t 754 46.356589147286826
m 19 0
0 28 9
1 32 13
2 27 19
t 753 46.356589147286826
m 18 0
0 28 10
1 32 14
2 28 19
t 752 46.356589147286826
m 19 0
0 28 11
1 32 15
2 29 19
t 751 46.356589147286826
m 18 0
0 27 11
1 32 14
2 30 19
t 750 46.356589147286826
m 18 0
0 26 11
1 32 15
2 29 19
t 749 46.356589147286826
m 18 0
0 27 11
1 31 15
2 30 19
t 748 46.356589147286826
m 18 0
0 26 11
1 32 15
2 29 19
t 747 46.356589147286826
m 19 0
0 25 11
1 32 16
2 30 19
t 746 46.356589147286826
m 19 0
0 24 11
1 32 17
2 29 19
t 745 46.356589147286826
m 18 0
0 23 11
1 31 17
2 30 19
t 744 46.356589147286826
m 19 0
0 23 10
1 30 17
2 29 19
t 743 46.356589147286826
m 18 0
0 23 9
1 31 17
2 28 19
t 742 46.356589147286826
m 19 0
0 23 8
1 32 17
2 29 19
t 741 46.356589147286826
m 18 0
0 23 9
1 32 16
2 30 19
t 740 46.356589147286826
m 18 0
0 23 8
1 32 15
2 29 19
t 739 46.356589147286826
m 18 0
0 23 7
1 31 15
2 28 19
t 738 46.356589147286826
m 18 0
0 23 8
1 30 15
2 27 19
t 737 46.356589147286826
m 18 0
0 23 9
1 29 15
2 28 19
t 736 46.356589147286826
m 18 0
0 24 9
1 30 15
2 29 19
t 735 46.356589147286826
m 18 0
0 25 9
1 29 15
2 28 19
t 734 46.356589147286826
m 18 0
0 26 9
1 30 15
2 29 19
t 733 46.356589147286826
m 18 0
0 25 9
1 29 15
2 28 19
t 732 46.356589147286826
m 18 0
0 26 9
1 28 15
2 27 19
t 731 46.356589147286826
m 18 0
0 27 9
1 29 15
2 27 18
t 730 46.356589147286826
m 18 0
0 28 9
1 30 15
2 27 17
t 729 46.356589147286826
m 18 0
0 28 10
1 29 15
2 26 17
t 728 46.356589147286826
m 18 0
0 28 9
1 30 15
2 25 17
t 727 46.356589147286826
m 18 0
0 28 10
1 29 15
2 26 17
t 726 46.356589147286826
m 18 0
0 28 9
1 30 15
2 27 17
t 725 46.356589147286826
m 18 1
0 28 8
1 29 15
2 28 17
t 724 46.356589147286826
m 18 1
0 28 9
1 28 15
2 27 17
t 723 46.356589147286826
m 18 0
0 28 10
1 29 15
2 26 17
t 722 46.356589147286826
m 19 0
0 28 11
1 30 15
2 25 17
t 721 46.356589147286826
m 18 0
0 28 10
1 29 15
2 24 17
t 720 46.356589147286826
m 19 0
0 28 9
1 28 15
2 25 17
t 719 46.356589147286826
m 18 0
0 28 10
1 27 15
2 26 17
t 718 46.356589147286826
m 18 0
0 28 9
1 28 15
2 25 17
t 717 46.356589147286826
m 18 0
0 28 8
1 27 15
2 26 17
t 716 46.356589147286826
m 18 1
0 28 9
1 26 15
2 25 17
t 715 46.356589147286826
m 18 1
0 28 8
1 27 15
2 26 17
t 714 46.356589147286826
m 18 0
0 28 9
1 28 15
2 27 17
t 713 46.356589147286826
m 18 0
0 28 8
1 29 15
2 26 17
t 712 46.356589147286826
m 18 0
0 29 8
1 28 15
2 25 17
t 711 46.356589147286826
m 18 1
0 28 8
1 29 15
2 26 17
t 710 46.356589147286826
m 18 0
0 29 8
1 28 15
2 27 17
t 709 46.356589147286826
m 18 0
0 28 8
1 29 15
2 26 17
t 708 46.356589147286826
m 18 0
0 28 9
1 30 15
2 25 17
t 707 46.356589147286826
m 18 0
0 28 8
1 29 15
2 24 17
t 706 46.356589147286826
m 18 0
0 29 8
1 30 15
2 23 17
t 705 46.356589147286826
m 19 0
0 30 8
1 29 15
2 24 17
t 704 46.356589147286826
m 18 0
0 29 8
1 28 15
2 23 17
t 703 46.356589147286826
m 18 0
0 28 8
1 27 15
2 22 17
t 702 46.356589147286826
m 19 0
0 28 9
1 26 15
2 23 17
t 701 46.356589147286826
m 18 0
0 28 8
1 27 15
2 24 17
t 700 46.356589147286826
m 18 0
0 28 9
1 26 15
2 23 17
t 699 46.356589147286826
m 18 0
0 28 8
1 26 14
2 22 17
t 698 46.356589147286826
m 18 0
0 28 9
1 26 15
2 23 17
t 697 46.356589147286826
m 18 1
0 28 8
1 27 15
2 24 17
t 696 46.356589147286826
m 18 0
0 29 8
1 28 15
2 23 17
t 695 46.356589147286826
m 18 0
0 30 8
1 29 15
2 24 17
t 694 46.356589147286826
m 18 0
0 31 8
1 28 15
2 23 17
t 693 46.356589147286826
m 18 0
0 30 8
1 27 15
2 24 17
t 692 46.356589147286826
m 18 0
0 31 8
1 26 15
2 25 17
t 691 46.356589147286826
m 18 1
0 31 7
1 25 15
2 26 17
t 690 46.356589147286826
m 18 0
0 31 8
1 24 15
2 27 17
t 689 46.356589147286826
m 19 0
0 31 9
1 23 15
2 28 17
t 688 46.356589147286826
m 18 0
0 31 8
1 22 15
2 29 17
t 687 46.356589147286826
m 18 0
0 31 7
1 22 16
2 28 17
t 686 46.356589147286826
m 19 0
0 31 6
1 22 17
2 27 17
t 685 46.356589147286826
m 19 0
0 31 7
1 23 17
2 28 17
t 684 46.356589147286826
m 19 0
0 31 8
1 24 17
2 27 17
t 683 46.356589147286826
m 18 0
0 32 8
1 23 17
2 27 18
t 682 46.356589147286826
m 19 0
0 33 8
1 24 17
2 27 17
t 681 46.356589147286826
m 19 0
0 34 8
1 23 17
2 26 17
t 680 46.356589147286826
m 18 0
0 33 8
1 22 17
2 25 17
t 679 46.356589147286826
m 18 0
0 32 8
1 21 17
2 24 17
t 678 46.356589147286826
m 18 0
0 33 8
1 20 17
2 23 17
t 677 46.356589147286826
m 18 0
0 32 8
1 19 17
2 22 17
t 676 46.356589147286826
m 18 0
0 33 8
1 20 17
2 21 17
t 675 46.356589147286826
m 18 0
0 32 8
1 21 17
2 20 17
t 674 46.356589147286826
m 18 0
0 31 8
1 22 17
2 21 17
t 673 46.356589147286826
m 19 0
0 31 7
1 22 16
2 20 17
t 672 46.356589147286826
m 18 0
0 31 8
1 22 17
2 19 17
t 671 46.356589147286826
m 18 0
0 31 7
1 23 17
2 20 17
t 670 46.356589147286826
m 18 1
0 31 6
1 22 17
2 21 17
t 669 46.356589147286826
m 18 1
0 30 6
1 21 17
2 22 17
t 668 46.356589147286826
m 18 0
0 29 6
1 22 17
2 22 16
t 667 46.356589147286826
m 19 0
0 30 6
1 23 17
2 22 17
t 666 46.356589147286826
m 18 0
0 29 6
1 24 17
2 23 17
t 665 46.356589147286826
m 18 0
0 28 6
1 25 17
2 24 17
t 664 46.356589147286826
m 19 0
0 27 6
1 24 17
2 23 17
t 663 46.356589147286826
m 18 0
0 26 6
1 25 17
2 24 17
t 662 46.356589147286826
m 18 1
0 27 6
1 26 17
2 25 17
t 661 46.356589147286826
m 18 0
0 26 6
1 25 17
2 26 17
t 660 46.356589147286826
m 18 1
0 25 6
1 26 17
2 27 17
t 659 46.356589147286826
m 18 0
0 26 6
1 25 17
2 26 17
t 658 46.356589147286826
m 18 0
0 25 6
1 26 17
2 27 17
t 657 46.356589147286826
m 18 0
0 25 5
1 27 17
2 27 18
t 656 46.356589147286826
m 18 0
0 25 4
1 27 18
2 27 19
t 655 46.356589147286826
m 18 1
0 25 5
1 27 19
2 27 18
t 654 46.356589147286826
m 18 0
0 25 6
1 28 19
2 27 17
t 653 46.356589147286826
m 18 0
0 25 7
1 27 19
2 26 17
t 652 46.356589147286826
m 18 0
0 24 7
1 28 19
2 25 17
t 651 46.356589147286826
m 18 0
0 25 7
1 27 19
2 24 17
t 650 46.356589147286826
m 18 0
0 25 6
1 27 18
2 25 17
t 649 46.356589147286826
m 18 0
0 25 7
1 27 19
2 26 17
t 648 46.356589147286826
m 18 0
0 25 6
1 26 19
2 27 17
t 647 46.356589147286826
m 19 0
0 25 5
1 27 19
2 27 18
t 646 46.356589147286826
m 18 0
0 25 4
1 28 19
2 27 19
t 645 46.356589147286826
m 19 0
0 25 5
1 27 19
2 26 19
t 644 46.356589147286826
m 18 0
0 25 6
1 26 19
2 27 19
t 643 46.356589147286826
m 18 1
0 25 5
1 25 19
2 27 18
t 642 46.356589147286826
m 18 0
0 25 6
1 24 19
2 27 17
t 641 46.356589147286826
m 19 0
0 26 6
1 23 19
2 27 18
t 640 46.356589147286826
m 18 0
0 27 6
1 22 19
2 27 19
t 639 46.356589147286826
m 18 0
0 28 6
1 23 19
2 27 18
t 638 46.356589147286826
m 18 0
0 29 6
1 24 19
2 27 17
t 637 46.356589147286826
m 18 0
0 29 5
1 23 19
2 28 17
t 636 46.356589147286826
m 18 0
0 29 4
1 22 19
2 27 17
t 635 46.356589147286826
m 19 0
0 29 3
1 21 19
2 28 17
t 634 46.356589147286826
m 18 0
0 30 3
1 22 19
2 29 17
t 633 46.356589147286826
m 18 0
0 31 3
1 23 19
2 28 17
t 632 46.356589147286826
m 19 0
0 30 3
1 24 19
2 27 17
t 631 46.356589147286826
m 18 0
0 29 3
1 23 19
2 28 17
t 630 46.356589147286826
m 18 0
0 30 3
1 22 19
2 29 17
t 629 46.356589147286826
m 18 0
0 29 3
1 21 19
2 30 17
t 628 46.356589147286826
m 19 0
0 30 3
1 20 19
2 31 17
t 627 46.356589147286826
m 18 0
0 31 3
1 19 19
2 32 17
t 626 46.356589147286826
m 19 0
0 30 3
1 18 19
2 32 16
t 625 46.356589147286826
m 18 0
0 31 3
1 18 18
2 32 15
t 624 46.356589147286826
m 19 0
0 32 3
1 18 17
2 33 15
t 623 46.356589147286826
m 19 0
0 33 3
1 18 18
2 32 15
t 622 46.356589147286826
m 18 0
0 34 3
1 18 19
2 33 15
t 621 46.356589147286826
m 18 1
0 34 2
1 18 18
2 32 15
t 620 46.356589147286826
m 18 0
0 34 1
1 18 19
2 32 14
t 619 46.356589147286826
m 18 1
0 34 2
1 19 19
2 32 13
t 618 46.356589147286826
m 18 0
0 34 3
1 20 19
2 31 13
t 617 46.356589147286826
m 18 0
0 34 4
1 21 19
2 30 13
t 616 46.356589147286826
m 18 0
0 34 3
1 20 19
2 29 13
t 615 46.356589147286826
m 18 0
0 34 2
1 19 19
2 28 13
t 614 46.356589147286826
m 19 0
0 34 3
1 18 19
2 27 13
t 613 46.356589147286826
m 18 0
0 34 4
1 19 19
2 26 13
t 612 46.356589147286826
m 18 1
0 34 3
1 20 19
2 27 13
t 611 46.356589147286826
m 18 1
0 34 2
1 21 19
2 26 13
t 610 46.356589147286826
m 18 0
0 34 1
1 22 19
2 26 14
t 609 46.356589147286826
m 18 0
0 34 2
1 21 19
2 26 15
t 608 46.356589147286826
m 18 0
0 34 3
1 22 19
2 25 15
t 607 46.356589147286826
m 18 0
0 34 2
1 23 19
2 24 15
t 606 46.356589147286826
m 18 1
0 34 3
1 24 19
2 23 15
t 605 46.356589147286826
m 18 0
0 34 4
1 23 19
2 24 15
t 604 46.356589147286826
m 19 0
0 34 5
1 24 19
2 25 15
t 603 46.356589147286826
m 18 0
0 34 4
1 25 19
2 26 15
t 602 46.356589147286826
m 18 0
0 34 3
1 26 19
2 27 15
t 601 46.356589147286826
m 19 0
0 34 2
1 27 19
2 26 15
t 600 46.356589147286826
m 19 0
0 34 3
1 28 19
2 26 14
t 599 46.356589147286826
m 18 0
0 33 3
1 29 19
2 26 15
t 598 46.356589147286826
m 18 0
0 32 3
1 28 19
2 26 14
t 597 46.356589147286826
m 18 1
0 31 3
1 29 19
2 26 15
t 596 46.356589147286826
m 18 1
0 32 3
1 28 19
2 25 15
t 595 46.356589147286826
m 18 0
0 31 3
1 27 19
2 26 15
t 594 46.356589147286826
m 18 0
0 32 3
1 28 19
2 27 15
t 593 46.356589147286826
m 19 0
0 33 3
1 27 19
2 28 15
t 592 46.356589147286826
m 19 0
0 32 3
1 27 18
2 29 15
t 591 46.356589147286826
m 18 0
0 31 3
1 27 19
2 30 15
t 590 46.356589147286826
m 18 0
0 32 3
1 28 19
2 29 15
t 589 46.356589147286826
m 18 1
0 31 3
1 29 19
2 28 15
t 588 46.356589147286826
m 18 0
0 32 3
1 28 19
2 27 15
t 587 46.356589147286826
m 18 0
0 33 3
1 29 19
2 26 15
t 586 46.356589147286826
m 18 0
0 32 3
1 30 19
2 25 15
t 585 46.356589147286826
m 18 0
0 33 3
1 31 19
2 24 15
t 584 46.356589147286826
m 18 0
0 34 3
1 32 19
2 23 15
t 583 46.356589147286826
m 18 0
0 34 2
1 31 19
2 24 15
t 582 46.356589147286826
m 18 0
0 34 3
1 32 19
2 25 15
t 581 46.356589147286826
m 18 1
0 34 2
1 31 19
2 24 15
t 580 46.356589147286826
m 18 0
0 34 1
1 30 19
2 23 15
t 579 46.356589147286826
m 18 1
0 34 2
1 31 19
2 24 15
t 578 46.356589147286826
m 18 0
0 34 1
1 32 19
2 23 15
t 577 46.356589147286826
m 18 1
0 34 2
1 33 19
2 22 15
t 576 46.356589147286826
m 18 0
0 34 3
1 34 19
2 22 16
t 575 46.356589147286826
m 18 0
0 34 4
1 33 19
2 22 17
t 574 46.356589147286826
m 18 0
0 34 3
1 32 19
2 22 16
t 573 46.356589147286826
m 18 1
0 34 4
1 33 19
2 22 17
t 572 46.356589147286826
m 18 0
0 34 5
1 34 19
2 21 17
t 571 46.356589147286826
m 18 0
0 34 4
1 34 18
2 20 17
t 570 46.356589147286826
m 18 0
0 34 3
1 34 19
2 19 17
t 569 46.356589147286826
m 18 0
0 33 3
1 34 18
2 20 17
t 568 46.356589147286826
m 18 1
0 34 3
1 34 17
2 19 17
t 567 46.356589147286826
m 18 0
0 34 4
1 34 16
2 20 17
t 566 46.356589147286826
m 18 0
0 34 5
1 34 15
2 19 17
t 565 46.356589147286826
m 18 0
0 34 4
1 34 16
2 18 17
t 564 46.356589147286826
m 19 0
0 34 5
1 34 15
2 19 17
t 563 46.356589147286826
m 18 0
0 34 4
1 34 16
2 18 17
t 562 46.356589147286826
m 18 1
0 34 5
1 34 15
2 17 17
t 561 46.356589147286826
m 18 0
0 34 4
1 33 15
2 18 17
t 560 46.356589147286826
m 19 0
0 34 3
1 32 15
2 18 16
t 559 46.356589147286826
m 19 0
0 34 4
1 32 14
2 18 15
t 558 46.356589147286826
m 19 0
0 34 5
1 32 15
2 18 16
t 557 46.356589147286826
m 19 0
0 34 4
1 32 14
2 18 17
t 556 46.356589147286826
m 19 0
0 34 5
1 32 15
2 18 18
t 555 46.356589147286826
m 18 0
0 34 6
1 32 14
2 18 17
t 554 46.356589147286826
m 19 0
0 34 5
1 32 15
2 17 17
t 553 46.356589147286826
m 19 0
0 34 6
1 31 15
2 18 17
t 552 46.356589147286826
m 20 0
0 34 5
1 32 15
2 18 16
t 551 46.356589147286826
m 19 0
0 34 6
1 32 16
2 18 17
t 550 46.356589147286826
m 19 0
0 34 5
1 32 15
2 18 18
t 549 46.356589147286826
m 19 0
0 34 6
1 32 16
2 18 17
t 548 46.356589147286826
m 20 0
0 34 7
1 32 17
2 19 17
t 547 46.356589147286826
m 19 0
0 34 8
1 31 17
2 20 17
t 546 46.356589147286826
m 18 0
0 34 7
1 32 17
2 19 17
t 545 46.356589147286826
m 18 0
0 34 6
1 32 16
2 18 17
t 544 46.356589147286826
m 18 0
0 34 5
1 32 17
2 19 17
t 543 46.356589147286826
m 18 0
0 34 4
1 31 17
2 18 17
t 542 46.356589147286826
m 18 0
0 34 5
1 30 17
2 18 18
t 541 46.356589147286826
m 19 0
0 34 6
1 29 17
2 18 17
t 540 46.356589147286826
m 20 0
0 34 7
1 28 17
2 18 18
t 539 46.356589147286826
m 20 0
0 34 8
1 27 17
2 18 17
t 538 46.356589147286826
m 19 0
0 33 8
1 27 18
2 18 16
t 537 46.356589147286826
m 18 0
0 32 8
1 27 19
2 18 15
t 536 46.356589147286826
m 19 0
0 33 8
1 27 18
2 18 16
t 535 46.356589147286826
m 18 0
0 32 8
1 27 17
2 18 17
t 534 46.356589147286826
m 19 0
0 31 8
1 26 17
2 18 18
t 533 46.356589147286826
m 19 0
0 30 8
1 27 17
2 18 17
t 532 46.356589147286826
m 18 0
0 31 8
1 27 18
2 19 17
t 531 46.356589147286826
m 18 0
0 30 8
1 27 17
2 18 17
t 530 46.356589147286826
m 18 0
0 29 8
1 28 17
2 18 16
t 529 46.356589147286826
m 19 0
0 30 8
1 29 17
2 18 17
t 528 46.356589147286826
m 18 0
0 29 8
1 30 17
2 18 16
t 527 46.356589147286826
m 19 0
0 30 8
1 31 17
2 18 17
t 526 46.356589147286826
m 18 0
0 31 8
1 32 17
2 17 17
t 525 46.356589147286826
m 19 0
0 31 7
1 32 16
2 18 17
t 524 46.356589147286826
m 19 0
0 31 6
1 32 15
2 17 17
t 523 46.356589147286826
m 19 0
0 31 7
1 33 15
2 16 17
t 522 46.356589147286826
m 19 0
0 31 6
1 34 15
2 15 17
t 521 46.356589147286826
m 18 0
0 30 6
1 34 16
2 14 17
t 520 46.356589147286826
m 18 0
0 29 6
1 34 15
2 13 17
t 519 46.356589147286826
m 18 0
0 30 6
1 34 16
2 14 17
t 518 46.356589147286826
m 18 1
0 31 6
1 34 15
2 13 17
t 517 46.356589147286826
m 18 1
0 30 6
1 34 14
2 12 17
t 516 46.356589147286826
m 18 0
0 29 6
1 34 13
2 13 17
t 515 46.356589147286826
m 18 0
0 29 5
1 34 12
2 12 17
t 514 46.356589147286826
m 19 0
0 29 4
1 34 11
2 12 16
t 513 46.356589147286826
m 18 0
0 29 3
1 33 11
2 12 17
t 512 46.356589147286826
m 18 0
0 28 3
1 34 11
2 13 17
t 511 46.356589147286826
m 18 0
0 27 3
1 33 11
2 14 17
t 510 46.356589147286826
m 18 1
0 26 3
1 32 11
2 13 17
t 509 46.356589147286826
m 18 0
0 27 3
1 32 12
2 12 17
t 508 46.356589147286826
m 18 0
0 27 2
1 32 11
2 13 17
t 507 46.356589147286826
m 19 0
0 27 3
1 31 11
2 14 17
t 506 46.356589147286826
m 18 0
0 27 2
1 31 10
2 15 17
t 505 46.356589147286826
m 19 0
0 27 1
1 31 11
2 16 17
t 504 46.356589147286826
m 18 0
0 27 2
1 30 11
2 16 16
t 503 46.356589147286826
m 18 0
0 27 1
1 29 11
2 16 15
t 502 46.356589147286826
m 18 0
0 27 2
1 30 11
2 15 15
t 501 46.356589147286826
m 18 0
0 27 1
1 31 11
2 14 15
t 500 46.356589147286826
m 19 0
0 27 2
1 30 11
2 15 15
t 499 46.356589147286826
m 18 0
0 27 1
1 29 11
2 16 15
t 498 46.356589147286826
m 19 0
0 27 0
1 30 11
2 15 15
t 497 46.356589147286826
m 18 0
0 27 1
1 29 11
2 14 15
t 496 46.356589147286826
m 18 0
0 27 2
1 28 11
2 15 15
t 495 46.356589147286826
m 18 0
0 27 1
1 28 10
2 14 15
t 494 46.356589147286826
m 18 0
0 27 2
1 28 9
2 13 15
t 493 46.356589147286826
m 18 0
0 27 3
1 28 8
2 14 15
t 492 46.356589147286826
m 18 0
0 27 2
1 29 8
2 15 15
t 491 46.356589147286826
m 19 0
0 27 3
1 30 8
2 16 15
t 490 46.356589147286826
m 19 0
0 27 2
1 31 8
2 15 15
t 489 46.356589147286826
m 18 0
0 27 3
1 31 7
2 14 15
t 488 46.356589147286826
m 18 0
0 27 2
1 31 6
2 13 15
t 487 46.356589147286826
m 18 1
0 27 3
1 31 7
2 12 15
t 486 46.356589147286826
m 18 1
0 28 3
1 31 6
2 12 16
t 485 46.356589147286826
m 18 0
0 27 3
1 30 6
2 12 17
t 484 46.356589147286826
m 19 0
0 27 2
1 31 6
2 13 17
t 483 46.356589147286826
m 18 0
0 27 1
1 30 6
2 14 17
t 482 46.356589147286826
m 18 0
0 27 2
1 31 6
2 13 17
t 481 46.356589147286826
m 18 0
0 27 3
1 31 7
2 12 17
t 480 46.356589147286826
m 18 0
0 27 2
1 31 6
2 12 16
t 479 46.356589147286826
m 18 0
0 27 1
1 31 7
2 12 17
t 478 46.356589147286826
m 19 0
0 27 2
1 31 8
2 11 17
t 477 46.356589147286826
m 18 0
0 27 1
1 30 8
2 12 17
t 476 46.356589147286826
m 18 0
0 27 0
1 31 8
2 11 17
t 475 46.356589147286826
m 18 1
0 26 0
1 32 8
2 10 17
t 474 46.356589147286826
m 18 2
0 27 0
1 31 8
2 9 17
t 473 46.356589147286826
m 18 2
0 27 1
1 31 7
2 10 17
t 472 46.356589147286826
m 19 2
0 27 0
1 31 8
2 9 17
t 471 47.13178294573643
m 18 2
0 28 0
1 32 8
2 8 17
t 470 47.13178294573643
m 18 2
0 27 0
1 33 8
2 7 17
t 469 47.13178294573643
m 18 2
0 26 0
1 34 8
2 6 17
t 468 47.13178294573643
m 18 2
0 27 0
1 33 8
2 5 17
t 467 47.13178294573643
m 18 2
0 27 1
1 32 8
2 4 17
t 466 47.13178294573643
m 18 1
0 27 2
1 31 8
2 5 17
t 465 47.13178294573643
m 18 1
0 27 3
1 30 8
2 4 17
t 464 47.13178294573643
m 18 0
0 26 3
1 31 8
2 5 17
t 463 47.13178294573643
m 18 0
0 25 3
1 32 8
2 6 17
t 462 47.13178294573643
m 18 0
0 25 4
1 31 8
2 5 17
t 461 47.13178294573643
m 18 0
0 25 3
1 30 8
2 6 17
t 460 47.13178294573643
m 18 0
0 25 2
1 31 8
2 7 17
t 459 47.13178294573643
m 18 0
0 25 3
1 32 8
2 8 17
t 458 47.13178294573643
m 18 0
0 25 4
1 33 8
2 7 17
t 457 47.13178294573643
m 18 0
0 25 3
1 34 8
2 8 17
t 456 47.13178294573643
m 18 0
0 25 2
1 34 7
2 7 17
t 455 47.13178294573643
m 18 0
0 24 2
1 34 6
2 7 18
t 454 47.13178294573643
m 18 0
0 25 2
1 34 7
2 7 19
t 453 47.13178294573643
m 18 0
0 25 3
1 34 8
2 6 19
t 452 47.13178294573643
m 18 0
0 25 4
1 33 8
2 7 19
t 451 47.13178294573643
m 18 0
0 25 5
1 32 8
2 7 18
t 450 47.13178294573643
m 18 0
0 25 4
1 31 8
2 7 17
t 449 47.13178294573643
m 18 0
0 25 5
1 31 7
2 8 17
t 448 47.13178294573643
m 18 0
0 25 4
1 31 8
2 9 17
t 447 47.13178294573643
m 18 0
0 25 5
1 31 9
2 8 17
t 446 47.13178294573643
m 18 1
0 25 6
1 31 8
2 9 17
t 445 47.13178294573643
m 18 0
0 25 5
1 31 9
2 10 17
t 444 47.13178294573643
m 18 1
0 24 5
1 31 8
2 11 17
t 443 47.13178294573643
m 18 0
0 23 5
1 31 7
2 10 17
t 442 47.13178294573643
m 18 0
0 24 5
1 31 8
2 11 17
t 441 47.13178294573643
m 18 1
0 25 5
1 31 9
2 12 17
t 440 47.13178294573643
m 18 0
0 25 4
1 31 10
2 13 17
t 439 47.13178294573643
m 18 0
0 25 3
1 31 11
2 14 17
t 438 47.13178294573643
m 18 0
0 26 3
1 32 11
2 15 17
t 437 47.13178294573643
m 18 0
0 27 3
1 32 12
2 16 17
t 436 47.13178294573643
m 18 0
0 27 2
1 32 13
2 15 17
t 435 47.13178294573643
m 18 1
0 27 1
1 32 14
2 14 17
t 434 47.13178294573643
m 18 0
0 27 2
1 32 13
2 13 17
t 433 47.13178294573643
m 18 0
0 27 3
1 32 14
2 14 17
t 432 47.13178294573643
m 18 1
0 27 2
1 32 13
2 15 17
t 431 47.13178294573643
m 18 0
0 27 1
1 31 13
2 14 17
t 430 47.13178294573643
m 18 0
0 27 0
1 30 13
2 15 17
t 429 47.13178294573643
m 18 0
0 27 1
1 29 13
2 16 17
t 428 47.13178294573643
m 18 0
0 27 0
1 28 13
2 16 18
t 427 47.13178294573643
m 18 1
0 28 0
1 27 13
2 16 17
t 426 47.13178294573643
m 18 2
0 29 0
1 28 13
2 17 17
t 425 47.13178294573643
m 18 2
0 30 0
1 29 13
2 16 17
t 424 47.13178294573643
m 18 2
0 29 0
1 30 13
2 16 18
t 423 47.13178294573643
m 18 1
0 28 0
1 29 13
2 16 19
t 422 47.13178294573643
m 18 2
0 29 0
1 30 13
2 15 19
t 421 47.13178294573643
m 18 1
0 28 0
1 29 13
2 16 19
t 420 47.13178294573643
m 18 1
0 29 0
1 30 13
2 15 19
t 419 47.13178294573643
m 18 2
0 30 0
1 29 13
2 14 19
t 418 47.13178294573643
m 18 2
0 31 0
1 28 13
2 13 19
t 417 47.13178294573643
m 18 2
0 32 0
1 29 13
2 14 19
t 416 47.13178294573643
m 18 1
0 33 0
1 28 13
2 13 19
t 415 47.13178294573643
m 18 0
0 32 0
1 29 13
2 14 19
t 414 47.13178294573643
m 18 0
0 31 0
1 28 13
2 15 19
t 413 47.13178294573643
m 18 1
0 30 0
1 27 13
2 14 19
t 412 47.13178294573643
m 18 1
0 31 0
1 28 13
2 15 19
t 411 47.13178294573643
m 18 2
0 32 0
1 29 13
2 16 19
t 410 47.13178294573643
m 18 2
0 33 0
1 28 13
2 16 18
t 409 47.13178294573643
m 18 2
0 32 0
1 27 13
2 16 17
t 408 47.13178294573643
m 18 2
0 33 0
1 26 13
2 15 17
t 407 47.13178294573643
m 18 2
0 34 0
1 25 13
2 14 17
t 406 47.13178294573643
m 18 2
0 34 1
1 24 13
2 13 17
t 405 47.13178294573643
m 18 2
0 34 2
1 25 13
2 14 17
t 404 47.13178294573643
m 18 1
0 34 3
1 26 13
2 15 17
t 403 47.13178294573643
m 18 0
0 34 2
1 25 13
2 16 17
t 402 47.13178294573643
m 18 0
0 34 3
1 24 13
2 16 16
t 401 47.13178294573643
m 18 0
0 34 2
1 25 13
2 16 17
t 400 47.13178294573643
m 18 0
0 34 1
1 26 13
2 15 17
t 399 47.13178294573643
m 18 0
0 34 2
1 25 13
2 16 17
t 398 47.13178294573643
m 18 0
0 34 3
1 26 13
2 15 17
t 397 47.13178294573643
m 18 0
0 34 2
1 27 13
2 16 17
t 396 47.13178294573643
m 18 0
0 34 1
1 26 13
2 16 16
t 395 47.13178294573643
m 18 0
0 34 0
1 25 13
2 16 15
t 394 47.13178294573643
m 18 0
0 33 0
1 26 13
2 15 15
t 393 47.13178294573643
m 18 0
0 32 0
1 25 13
2 14 15
t 392 47.13178294573643
m 18 0
0 31 0
1 24 13
2 13 15
t 391 47.13178294573643
m 18 1
0 30 0
1 25 13
2 12 15
t 390 47.13178294573643
m 18 2
0 29 0
1 24 13
2 13 15
t 389 47.13178294573643
m 18 2
0 28 0
1 23 13
2 14 15
t 388 47.13178294573643
m 18 2
0 29 0
1 22 13
2 15 15
t 387 47.13178294573643
m 18 2
0 28 0
1 21 13
2 14 15
t 386 47.13178294573643
m 18 1
0 29 0
1 21 12
2 13 15
t 385 47.13178294573643
m 18 0
0 30 0
1 21 13
2 12 15
t 384 47.13178294573643
m 18 1
0 29 0
1 21 12
2 12 16
t 383 47.13178294573643
m 18 2
0 28 0
1 21 11
2 12 15
t 382 47.13178294573643
m 18 1
0 29 0
1 20 11
2 11 15
t 381 47.13178294573643
m 18 0
0 28 0
1 19 11
2 12 15
t 380 47.13178294573643
m 18 0
0 27 0
1 20 11
2 13 15
t 379 47.13178294573643
m 18 0
0 26 0
1 19 11
2 14 15
t 378 47.13178294573643
m 18 0
0 27 0
1 20 11
2 15 15
t 377 47.13178294573643
m 18 0
0 26 0
1 21 11
2 14 15
t 376 47.13178294573643
m 18 0
0 27 0
1 20 11
2 15 15
t 375 47.13178294573643
m 18 1
0 27 1
1 19 11
2 16 15
t 374 47.13178294573643
m 18 0
0 27 0
1 20 11
2 16 14
t 373 47.13178294573643
m 18 0
0 27 1
1 19 11
2 16 15
t 372 47.13178294573643
m 18 0
0 27 2
1 18 11
2 16 16
t 371 47.13178294573643
m 18 0
0 27 3
1 19 11
2 16 15
t 370 47.13178294573643
m 18 0
0 28 3
1 18 11
2 16 14
t 369 47.13178294573643
m 19 0
0 29 3
1 17 11
2 16 15
t 368 47.13178294573643
m 19 0
0 30 3
1 18 11
2 16 14
t 367 47.13178294573643
m 19 0
0 29 3
1 17 11
2 17 14
t 366 47.13178294573643
m 18 0
0 28 3
1 16 11
2 18 14
t 365 47.13178294573643
m 18 0
0 27 3
1 15 11
2 18 15
t 364 47.13178294573643
m 18 0
0 27 2
1 16 11
2 18 14
t 363 47.13178294573643
m 18 0
0 27 1
1 17 11
2 17 14
t 362 47.13178294573643
m 18 1
0 27 2
1 16 11
2 16 14
t 361 47.13178294573643
m 18 0
0 27 1
1 15 11
2 17 14
t 360 47.13178294573643
m 18 0
0 27 0
1 14 11
2 18 14
t 359 47.13178294573643
m 18 0
0 28 0
1 13 11
2 18 15
t 358 47.13178294573643
m 18 0
0 27 0
1 13 12
2 18 16
t 357 47.13178294573643
m 18 0
0 27 1
1 13 11
2 18 15
t 356 47.13178294573643
m 18 0
0 27 2
1 13 12
2 19 15
t 355 47.13178294573643
m 18 0
0 27 3
1 13 11
2 20 15
t 354 47.13178294573643
m 18 0
0 28 3
1 13 10
2 21 15
t 353 47.13178294573643
m 18 0
0 29 3
1 13 9
2 22 15
t 352 47.13178294573643
m 18 0
0 30 3
1 13 8
2 22 16
t 351 47.13178294573643
m 18 0
0 29 3
1 13 9
2 22 15
t 350 47.13178294573643
m 18 0
0 29 4
1 13 10
2 21 15
t 349 47.13178294573643
m 18 0
0 29 5
1 13 9
2 22 15
t 348 47.13178294573643
m 19 0
0 29 6
1 14 9
2 22 16
t 347 47.13178294573643
m 19 0
0 30 6
1 13 9
2 22 15
t 346 47.13178294573643
m 19 0
0 31 6
1 13 8
2 21 15
t 345 47.13178294573643
m 20 0
0 30 6
1 13 7
2 20 15
t 344 47.13178294573643
m 21 0
0 29 6
1 12 7
2 21 15
t 343 47.13178294573643
m 20 0
0 29 5
1 11 7
2 20 15
t 342 47.13178294573643
m 19 0
0 29 4
1 11 8
2 21 15
t 341 47.13178294573643
m 19 0
0 29 3
1 11 7
2 20 15
t 340 47.13178294573643
m 18 0
0 29 4
1 10 7
2 19 15
t 339 47.13178294573643
m 18 0
0 29 3
1 9 7
2 18 15
t 338 47.13178294573643
m 18 0
0 28 3
1 9 6
2 18 16
t 337 47.13178294573643
m 18 0
0 27 3
1 8 6
2 18 15
t 336 47.13178294573643
m 18 0
0 26 3
1 7 6
2 19 15
t 335 47.13178294573643
m 18 0
0 27 3
1 6 6
2 20 15
t 334 47.13178294573643
m 18 0
0 27 2
1 5 6
2 19 15
t 333 47.13178294573643
m 18 1
0 27 1
1 5 5
2 20 15
t 332 47.13178294573643
m 18 1
0 27 2
1 5 6
2 19 15
t 331 47.13178294573643
m 18 0
0 27 1
1 5 5
2 20 15
t 330 47.13178294573643
m 18 0
0 27 2
1 5 4
2 19 15
t 329 47.13178294573643
m 18 1
0 27 1
1 5 5
2 18 15
t 328 47.13178294573643
m 18 0
0 27 2
1 5 4
2 19 15
t 327 47.13178294573643
m 18 0
0 27 3
1 5 3
2 20 15
t 326 47.13178294573643
m 18 0
0 27 2
1 6 3
2 21 15
t 325 47.13178294573643
m 18 0
0 27 1
1 7 3
2 20 15
t 324 47.13178294573643
m 18 0
0 27 2
1 7 2
2 19 15
t 323 47.13178294573643
m 18 0
0 27 1
1 7 3
2 20 15
t 322 47.13178294573643
m 18 0
0 27 0
1 8 3
2 19 15
t 321 47.13178294573643
m 18 1
0 26 0
1 7 3
2 18 15
t 320 47.13178294573643
m 18 2
0 25 0
1 8 3
2 18 16
t 319 47.13178294573643
m 18 2
0 26 0
1 9 3
2 18 15
t 318 47.13178294573643
m 18 2
0 25 0
1 9 4
2 18 14
t 317 47.13178294573643
m 18 2
0 26 0
1 9 5
2 18 15
t 316 47.13178294573643
m 18 1
0 27 0
1 10 5
2 19 15
t 315 47.13178294573643
m 18 2
0 26 0
1 11 5
2 20 15
t 314 47.13178294573643
m 18 2
0 27 0
1 12 5
2 19 15
t 313 47.13178294573643
m 18 2
0 27 1
1 13 5
2 20 15
t 312 47.13178294573643
m 18 1
0 27 2
1 12 5
2 19 15
t 311 47.13178294573643
m 18 1
0 27 3
1 11 5
2 18 15
t 310 47.13178294573643
m 18 0
0 26 3
1 10 5
2 18 14
t 309 47.13178294573643
m 18 0
0 27 3
1 9 5
2 18 13
t 308 47.13178294573643
m 18 0
0 26 3
1 9 6
2 19 13
t 307 47.13178294573643
m 18 0
0 27 3
1 8 6
2 20 13
t 306 47.13178294573643
m 18 0
0 26 3
1 9 6
2 19 13
t 305 47.13178294573643
m 18 0
0 25 3
1 9 5
2 20 13
t 304 47.13178294573643
m 18 0
0 26 3
1 9 4
2 19 13
t 303 47.13178294573643
m 18 0
0 27 3
1 9 3
2 20 13
t 302 47.13178294573643
m 18 0
0 28 3
1 8 3
2 21 13
t 301 47.13178294573643
m 18 0
0 27 3
1 9 3
2 21 12
t 300 47.13178294573643
m 18 0
0 28 3
1 9 4
2 21 13
t 299 47.13178294573643
m 18 0
0 29 3
1 9 3
2 22 13
t 298 47.13178294573643
m 18 0
0 29 4
1 8 3
2 21 13
t 297 47.13178294573643
m 18 0
0 29 5
1 7 3
2 22 13
t 296 47.13178294573643
m 18 0
0 29 6
1 8 3
2 21 13
t 295 47.13178294573643
m 18 0
0 29 5
1 7 3
2 22 13
t 294 47.13178294573643
m 18 0
0 29 6
1 7 2
2 21 13
t 293 47.13178294573643
m 19 0
0 30 6
1 7 1
2 20 13
t 292 47.13178294573643
m 18 0
0 31 6
1 7 0
2 21 13
t 291 47.13178294573643
m 18 1
0 30 6
1 8 0
2 21 12
t 290 47.13178294573643
m 18 0
0 29 6
1 9 0
2 21 13
t 289 47.13178294573643
m 18 1
0 29 5
1 8 0
2 20 13
t 288 47.13178294573643
m 18 2
0 29 4
1 9 0
2 21 13
t 287 47.13178294573643
m 18 2
0 29 3
1 8 0
2 20 13
t 286 47.13178294573643
m 18 1
0 29 4
1 7 0
2 21 13
t 285 47.13178294573643
m 18 2
0 29 5
1 7 1
2 22 13
t 284 47.13178294573643
m 18 2
0 29 6
1 7 0
2 23 13
t 283 47.13178294573643
m 18 1
0 30 6
1 6 0
2 24 13
t 282 47.13178294573643
m 18 2
0 31 6
1 7 0
2 23 13
t 281 47.13178294573643
m 18 2
0 31 7
1 7 1
2 23 12
t 280 47.13178294573643
m 18 2
0 31 6
1 7 2
2 23 11
t 279 47.13178294573643
m 18 1
0 30 6
1 7 3
2 23 10
t 278 47.13178294573643
m 18 0
0 31 6
1 7 2
2 23 11
t 277 47.13178294573643
m 18 0
0 30 6
1 7 1
2 24 11
t 276 47.13178294573643
m 18 0
0 29 6
1 7 2
2 23 11
t 275 47.13178294573643
m 19 0
0 28 6
1 7 3
2 23 12
t 274 47.13178294573643
m 18 0
0 27 6
1 7 2
2 23 11
t 273 47.13178294573643
m 18 0
0 26 6
1 7 1
2 24 11
t 272 47.13178294573643
m 18 0
0 27 6
1 7 0
2 23 11
t 271 47.13178294573643
m 18 0
0 28 6
1 6 0
2 23 10
t 270 47.13178294573643
m 19 0
0 29 6
1 7 0
2 23 11
t 269 47.13178294573643
m 20 0
0 29 5
1 7 1
2 23 10
t 268 47.13178294573643
m 19 0
0 29 6
1 7 0
2 23 11
t 267 47.13178294573643
m 19 0
0 29 5
1 8 0
2 23 12
t 266 47.13178294573643
m 18 0
0 29 6
1 9 0
2 23 13
t 265 47.13178294573643
m 18 1
0 28 6
1 10 0
2 23 12
t 264 47.13178294573643
m 18 2
0 29 6
1 11 0
2 23 11
t 263 47.13178294573643
m 19 2
0 29 5
1 10 0
2 23 12
t 262 47.13178294573643
m 18 2
0 29 6
1 9 0
2 23 11
t 261 47.13178294573643
m 18 2
0 30 6
1 10 0
2 23 10
t 260 47.13178294573643
m 18 2
0 29 6
1 9 0
2 23 9
t 259 47.13178294573643
m 18 1
0 30 6
1 8 0
2 23 8
t 258 47.13178294573643
m 18 1
0 31 6
1 7 0
2 23 9
t 257 47.13178294573643
m 18 0
0 30 6
1 7 1
2 24 9
t 256 47.13178294573643
m 19 0
0 31 6
1 7 2
2 25 9
t 255 47.13178294573643
m 18 0
0 31 7
1 7 1
2 26 9
t 254 47.13178294573643
m 19 0
0 31 8
1 7 0
2 25 9
t 253 47.13178294573643
m 18 0
0 31 9
1 6 0
2 24 9
t 252 47.13178294573643
m 18 0
0 31 10
1 7 0
2 23 9
t 251 47.13178294573643
m 18 1
0 31 11
1 6 0
2 24 9
t 250 47.13178294573643
m 18 1
0 30 11
1 5 0
2 25 9
t 249 47.13178294573643
m 18 2
0 31 11
1 6 0
2 24 9
t 248 47.13178294573643
m 18 1
0 31 10
1 5 0
2 23 9
t 247 47.13178294573643
m 18 0
0 31 9
1 4 0
2 24 9
t 246 47.13178294573643
m 18 0
0 31 8
1 5 0
2 25 9
t 245 47.13178294573643
m 19 0
0 30 8
1 6 0
2 24 9
t 244 47.13178294573643
m 18 0
0 31 8
1 7 0
2 25 9
t 243 47.13178294573643
m 18 0
0 31 9
1 6 0
2 24 9
t 242 47.13178294573643
m 18 0
0 31 10
1 5 0
2 25 9
t 241 47.13178294573643
m 18 1
0 31 11
1 6 0
2 24 9
t 240 47.13178294573643
m 18 1
0 32 11
1 7 0
2 23 9
t 239 47.13178294573643
m 18 1
0 32 12
1 7 1
2 23 10
t 238 47.13178294573643
m 18 0
0 32 11
1 7 2
2 23 9
t 237 47.13178294573643
m 18 0
0 33 11
1 7 1
2 23 8
t 236 47.13178294573643
m 18 0
0 32 11
1 7 2
2 23 7
t 235 47.13178294573643
m 18 0
0 31 11
1 7 3
2 23 8
t 234 47.13178294573643
m 18 0
0 30 11
1 7 2
2 23 7
t 233 47.13178294573643
m 18 0
0 31 11
1 7 3
2 24 7
t 232 47.13178294573643
m 18 0
0 32 11
1 6 3
2 25 7
t 231 47.13178294573643
m 18 0
0 32 12
1 7 3
2 24 7
t 230 47.13178294573643
m 18 0
0 32 13
1 7 2
2 25 7
t 229 47.13178294573643
m 18 0
0 31 13
1 7 3
2 25 6
t 228 47.13178294573643
m 18 0
0 32 13
1 7 2
2 26 6
t 227 47.13178294573643
m 18 0
0 31 13
1 7 1
2 25 6
t 226 47.13178294573643
m 18 0
0 32 13
1 7 2
2 26 6
t 225 47.13178294573643
m 18 0
0 32 12
1 7 3
2 27 6
t 224 47.13178294573643
m 18 1
0 32 13
1 8 3
2 28 6
t 223 47.13178294573643
m 18 0
0 32 14
1 7 3
2 27 6
t 222 47.13178294573643
m 18 0
0 32 15
1 8 3
2 28 6
t 221 47.13178294573643
m 18 0
0 33 15
1 9 3
2 29 6
t 220 47.13178294573643
m 18 0
0 34 15
1 9 2
2 30 6
t 219 47.13178294573643
m 19 0
0 34 16
1 10 2
2 31 6
t 218 47.13178294573643
m 18 0
0 34 17
1 11 2
2 31 7
t 217 47.13178294573643
m 18 0
0 34 18
1 10 2
2 31 6
t 216 47.13178294573643
m 19 0
0 34 17
1 9 2
2 31 7
t 215 47.13178294573643
m 18 0
0 34 16
1 10 2
2 31 6
t 214 47.13178294573643
m 18 0
0 34 17
1 11 2
2 30 6
t 213 47.13178294573643
m 19 0
0 34 16
1 10 2
2 31 6
t 212 47.13178294573643
m 18 0
0 34 15
1 9 2
2 30 6
t 211 47.13178294573643
m 18 0
0 34 16
1 9 3
2 31 6
t 210 47.13178294573643
m 18 0
0 34 17
1 9 2
2 30 6
t 209 47.13178294573643
m 18 0
0 34 18
1 10 2
2 29 6
t 208 47.13178294573643
m 18 0
0 34 17
1 9 2
2 29 5
t 207 47.13178294573643
m 18 0
0 34 16
1 10 2
2 29 6
t 206 47.13178294573643
m 18 0
0 34 15
1 11 2
2 28 6
t 205 47.13178294573643
m 18 0
0 34 16
1 12 2
2 29 6
t 204 47.13178294573643
m 18 0
0 34 17
1 11 2
2 30 6
t 203 47.13178294573643
m 18 0
0 34 16
1 10 2
2 29 6
t 202 47.13178294573643
m 18 0
0 34 15
1 11 2
2 30 6
t 201 47.13178294573643
m 18 0
0 34 14
1 10 2
2 29 6
t 200 47.13178294573643
m 18 0
0 34 15
1 9 2
2 28 6
t 199 47.13178294573643
m 18 0
0 34 14
1 9 3
2 27 6
t 198 47.13178294573643
m 18 0
0 34 13
1 9 4
2 26 6
t 197 47.13178294573643
m 18 0
0 34 12
1 9 5
2 27 6
t 196 47.13178294573643
m 19 0
0 34 13
1 10 5
2 28 6
t 195 47.13178294573643
m 18 0
0 34 12
1 11 5
2 27 6
t 194 47.13178294573643
m 18 0
0 34 11
1 10 5
2 28 6
t 193 47.13178294573643
m 18 0
0 34 12
1 11 5
2 27 6
t 192 47.13178294573643
m 19 0
0 34 13
1 10 5
2 26 6
t 191 47.13178294573643
m 18 0
0 34 14
1 9 5
2 27 6
t 190 47.13178294573643
m 18 1
0 34 13
1 10 5
2 26 6
t 189 47.13178294573643
m 18 0
0 34 14
1 11 5
2 25 6
t 188 47.13178294573643
m 18 0
0 34 15
1 12 5
2 25 5
t 187 47.13178294573643
m 18 0
0 33 15
1 11 5
2 24 5
t 186 47.13178294573643
m 18 0
0 32 15
1 10 5
2 25 5
t 185 47.13178294573643
m 18 0
0 31 15
1 9 5
2 25 6
t 184 47.13178294573643
m 18 0
0 30 15
1 9 4
2 25 5
t 183 47.13178294573643
m 18 1
0 29 15
1 9 3
2 24 5
t 182 47.13178294573643
m 18 0
0 30 15
1 8 3
2 23 5
t 181 47.13178294573643
m 18 0
0 29 15
1 9 3
2 24 5
t 180 47.13178294573643
m 19 0
0 30 15
1 9 4
2 23 5
t 179 47.13178294573643
m 18 0
0 29 15
1 9 3
2 22 5
t 178 47.13178294573643
m 18 1
0 28 15
1 9 2
2 21 5
t 177 47.13178294573643
m 18 0
0 29 15
1 9 3
2 22 5
t 176 47.13178294573643
m 18 0
0 30 15
1 8 3
2 23 5
t 175 47.13178294573643
m 18 0
0 29 15
1 7 3
2 22 5
t 174 47.13178294573643
m 18 0
0 28 15
1 6 3
2 23 5
t 173 47.13178294573643
m 18 0
0 29 15
1 5 3
2 22 5
t 172 47.13178294573643
m 18 0
0 30 15
1 5 4
2 23 5
t 171 47.13178294573643
m 18 0
0 31 15
1 5 3
2 22 5
t 170 47.13178294573643
m 18 0
0 32 15
1 4 3
2 23 5
t 169 47.13178294573643
m 18 0
0 31 15
1 5 3
2 24 5
t 168 47.13178294573643
m 18 0
0 30 15
1 6 3
2 23 5
t 167 47.13178294573643
m 18 0
0 31 15
1 7 3
2 24 5
t 166 47.13178294573643
m 18 0
0 32 15
1 6 3
2 25 5
t 165 47.13178294573643
m 18 0
0 32 14
1 5 3
2 25 6
t 164 47.13178294573643
m 18 0
0 32 13
1 6 3
2 25 5
t 163 47.13178294573643
m 18 1
0 32 12
1 5 3
2 25 4
t 162 47.13178294573643
m 18 0
0 32 13
1 4 3
2 25 5
t 161 47.13178294573643
m 18 0
0 32 12
1 3 3
2 24 5
t 160 47.13178294573643
m 18 0
0 32 11
1 2 3
2 23 5
t 159 47.13178294573643
m 18 1
0 31 11
1 1 3
2 24 5
t 158 47.13178294573643
m 18 0
0 30 11
1 2 3
2 23 5
t 157 47.13178294573643
m 18 0
0 29 11
1 1 3
2 22 5
t 156 47.13178294573643
m 18 0
0 30 11
1 0 3
2 23 5
t 155 47.13178294573643
m 18 0
0 29 11
1 0 4
2 24 5
t 154 47.13178294573643
m 18 0
0 30 11
1 0 5
2 23 5
t 153 47.13178294573643
m 18 1
0 31 11
1 0 4
2 22 5
t 152 47.13178294573643
m 18 0
0 30 11
1 0 5
2 21 5
t 151 47.13178294573643
m 18 0
0 29 11
1 0 6
2 21 4
t 150 47.13178294573643
m 18 0
0 30 11
1 0 5
2 21 5
t 149 47.13178294573643
m 18 0
0 31 11
1 0 6
2 22 5
t 148 47.13178294573643
m 18 0
0 32 11
1 0 5
2 21 5
t 147 47.13178294573643
m 18 0
0 31 11
1 0 6
2 21 4
t 146 47.13178294573643
m 18 0
0 30 11
1 0 5
2 21 3
t 145 47.13178294573643
m 18 0
0 31 11
1 0 4
2 21 2
t 144 47.13178294573643
m 18 0
0 32 11
1 0 3
2 20 2
t 143 47.13178294573643
m 18 1
0 32 12
1 1 3
2 19 2
t 142 47.13178294573643
m 18 0
0 32 11
1 0 3
2 20 2
t 141 47.13178294573643
m 18 1
0 33 11
1 1 3
2 19 2
t 140 47.13178294573643
m 18 0
0 32 11
1 2 3
2 20 2
t 139 47.13178294573643
m 18 0
0 33 11
1 1 3
2 21 2
t 138 47.13178294573643
m 18 0
0 32 11
1 2 3
2 22 2
t 137 47.13178294573643
m 18 0
0 33 11
1 1 3
2 23 2
t 136 47.13178294573643
m 18 0
0 34 11
1 2 3
2 22 2
t 135 47.13178294573643
m 18 1
0 33 11
1 1 3
2 21 2
t 134 47.13178294573643
m 18 0
0 34 11
1 0 3
2 20 2
t 133 47.13178294573643
m 18 0
0 34 12
1 1 3
2 19 2
t 132 47.13178294573643
m 18 0
0 34 11
1 0 3
2 18 2
t 131 47.13178294573643
m 18 0
0 33 11
1 1 3
2 18 1
t 130 47.13178294573643
0 34 11
1 0 3
2 18 0
t 129 39.76035437430786
