35
20
m 0 19
0 34 0
1 0 0
2 34 19
w 0 9
w 0 10
w 1 1
w 1 2
w 1 4
w 1 5
w 1 6
w 1 7
w 1 9
w 1 10
w 1 12
w 1 13
w 1 14
w 1 16
w 1 17
w 1 18
w 2 1
w 2 2
w 2 4
w 2 5
w 2 6
w 2 7
w 2 9
w 2 10
w 2 18
w 3 1
w 3 2
w 3 4
w 3 5
w 3 12
w 3 14
w 3 16
w 3 18
w 4 1
w 4 2
w 4 4
w 4 5
w 4 7
w 4 9
w 4 10
w 4 12
w 4 14
w 4 16
w 4 18
w 5 1
w 5 2
w 5 7
w 5 9
w 5 10
w 5 12
w 5 14
w 5 16
w 5 18
w 6 1
w 6 2
w 6 4
w 6 5
w 6 7
w 6 12
w 6 14
w 6 16
w 6 18
w 7 4
w 7 5
w 7 7
w 7 8
w 7 10
w 7 12
w 7 14
w 7 16
w 8 1
w 8 2
w 8 4
w 8 5
w 8 7
w 8 8
w 8 10
w 8 12
w 8 16
w 8 18
w 9 1
w 9 8
w 9 10
w 9 12
w 9 14
w 9 16
w 9 18
w 10 1
w 10 3
w 10 4
w 10 6
w 10 8
w 10 10
w 10 12
w 10 14
w 10 16
w 10 18
w 11 1
w 11 3
w 11 4
w 11 6
w 11 14
w 11 16
w 11 18
w 12 1
w 12 3
w 12 4
w 12 6
w 12 8
w 12 9
w 12 10
w 12 11
w 12 12
w 12 14
w 12 18
w 13 1
w 13 6
w 13 14
w 13 16
w 13 18
w 14 1
w 14 3
w 14 5
w 14 6
w 14 8
w 14 10
w 14 12
w 14 14
w 14 16
w 14 18
w 15 1
w 15 3
w 15 5
w 15 6
w 15 8
w 15 10
w 15 12
w 15 14
w 15 16
w 15 18
w 16 3
w 16 5
w 16 6
w 16 8
w 16 10
w 16 12
w 17 0
w 17 1
w 17 2
w 17 3
w 17 8
w 17 12
w 17 13
w 17 15
w 17 16
w 17 18
w 17 19
w 18 3
w 18 5
w 18 6
w 18 8
w 18 10
w 18 12
w 19 1
w 19 3
w 19 5
w 19 6
w 19 8
w 19 10
w 19 12
w 19 14
w 19 16
w 19 18
w 20 1
w 20 3
w 20 5
w 20 6
w 20 8
w 20 10
w 20 12
w 20 14
w 20 16
w 20 18
w 21 1
w 21 6
w 21 14
w 21 16
w 21 18
w 22 1
w 22 3
w 22 4
w 22 6
w 22 8
w 22 9
w 22 10
w 22 11
w 22 12
w 22 14
w 22 18
w 23 1
w 23 3
w 23 4
w 23 6
w 23 14
w 23 16
w 23 18
w 24 1
w 24 3
w 24 4
w 24 6
w 24 8
w 24 10
w 24 12
w 24 14
w 24 16
w 24 18
w 25 1
w 25 8
w 25 10
w 25 12
w 25 14
w 25 16
w 25 18
w 26 1
w 26 2
w 26 4
w 26 5
w 26 7
w 26 8
w 26 10
w 26 12
w 26 16
w 26 18
w 27 4
w 27 5
w 27 7
w 27 8
w 27 10
w 27 12
w 27 14
w 27 16
w 28 1
w 28 2
w 28 4
w 28 5
w 28 7
w 28 12
w 28 14
w 28 16
w 28 18
w 29 1
w 29 2
w 29 7
w 29 9
w 29 10
w 29 12
w 29 14
w 29 16
w 29 18
w 30 1
w 30 2
w 30 4
w 30 5
w 30 7
w 30 9
w 30 10
w 30 12
w 30 14
w 30 16
w 30 18
w 31 1
w 31 2
w 31 4
w 31 5
w 31 12
w 31 14
w 31 16
w 31 18
w 32 1
w 32 2
w 32 4
w 32 5
w 32 6
w 32 7
w 32 9
w 32 10
w 32 18
w 33 1
w 33 2
w 33 4
w 33 5
w 33 6
w 33 7
w 33 9
w 33 10
w 33 12
w 33 13
w 33 14
w 33 16
w 33 17
w 33 18
w 34 9
w 34 10
p 7 17
p 22 17
p 30 0
p 14 13
p 5 19
p 13 8
p 29 4
p 13 17
p 21 0
p 21 9
p 27 6
p 3 6
p 19 2
p 3 15
p 19 11
p 11 7
p 1 8
p 34 5
p 34 14
p 17 7
p 9 3
p 0 0
p 15 0
p 32 16
p 33 15
p 15 9
p 6 6
p 25 11
p 16 17
p 32 19
p 31 8
p 22 5
p 31 17
p 23 13
p 30 6
p 14 19
p 13 5
p 29 13
p 3 3
p 20 19
p 12 15
p 28 11
p 4 11
p 27 15
p 10 17
p 18 0
p 26 13
p 2 13
p 18 9
p 18 18
p 34 2
p 34 11
p 17 4
p 9 0
p 9 9
p 33 3
p 24 0
p 32 13
p 8 13
p 24 9
p 7 2
p 0 18
p 25 17
p 16 14
p 7 11
p 22 2
p 6 15
p 23 10
p 14 7
p 5 4
p 23 19
p 5 13
p 13 2
p 30 15
p 13 11
p 20 7
p 3 0
p 29 19
p 21 15
p 3 9
p 4 8
p 27 3
p 4 17
p 10 5
p 19 17
p 1 11
p 11 13
p 2 19
p 33 0
p 0 6
p 25 5
p 8 19
p 16 2
p 0 15
p 6 3
p 15 15
p 31 11
p 23 7
p 14 4
p 30 3
p 20 4
p 21 3
p 12 0
p 20 13
p 21 12
p 27 0
p 27 9
p 28 8
p 10 2
p 27 18
p 28 17
p 10 11
p 11 10
p 11 19
p 2 16
p 26 19
p 18 15
p 34 8
p 34 17
p 17 10
p 9 6
p 0 3
p 25 2
p 9 15
p 0 12
p 6 0
p 24 15
p 6 9
p 16 11
t 1750 0
m 0 18
0 34 1
1 1 0
2 33 19
t 1749 0.7751937984496124
m 0 18
0 34 0
1 0 0
2 34 19
t 1748 0.7751937984496124
m 0 18
0 34 1
1 1 0
2 34 18
t 1747 0.7751937984496124
m 0 19
0 34 0
1 0 0
2 34 19
t 1746 0.7751937984496124
m 1 19
0 34 1
1 0 1
2 34 18
t 1745 0.7751937984496124
m 1 19
0 34 0
1 0 0
2 34 19
t 1744 0.7751937984496124
m 2 19
0 33 0
1 1 0
2 34 18
t 1743 1.550387596899225
m 2 19
0 32 0
1 2 0
2 34 19
t 1742 1.550387596899225
m 1 19
0 31 0
1 1 0
2 33 19
t 1741 1.550387596899225
m 2 19
0 32 0
1 2 0
2 34 19
t 1740 1.550387596899225
m 1 19
0 33 0
1 1 0
2 34 18
t 1739 1.550387596899225
m 1 19
0 34 0
1 0 0
2 34 19
t 1738 1.550387596899225
m 0 19
0 33 0
1 1 0
2 33 19
t 1737 1.550387596899225
m 0 19
0 32 0
1 2 0
2 32 19
t 1736 1.550387596899225
m 1 19
0 33 0
1 1 0
2 33 19
t 1735 1.550387596899225
m 0 19
0 34 0
1 0 0
2 34 19
t 1734 1.550387596899225
m 0 18
0 33 0
1 1 0
2 33 19
t 1733 1.550387596899225
m 0 19
0 34 0
1 2 0
2 34 19
t 1732 1.550387596899225
m 1 19
0 34 1
1 3 0
2 34 18
t 1731 1.550387596899225
m 0 19
0 34 2
1 4 0
2 34 17
t 1730 1.550387596899225
m 0 19
0 34 3
1 3 0
2 34 18
t 1729 1.550387596899225
m 0 18
0 34 2
1 4 0
2 34 19
t 1728 1.550387596899225
m 0 19
0 34 3
1 3 0
2 33 19
t 1727 1.550387596899225
m 0 18
0 33 3
1 4 0
2 34 19
t 1726 1.550387596899225
m 0 17
0 34 3
1 5 0
2 34 18
t 1725 1.550387596899225
m 0 17
0 33 3
1 4 0
2 34 19
t 1724 1.550387596899225
m 0 18
0 32 3
1 3 0
2 33 19
t 1723 1.550387596899225
m 0 18
0 33 3
1 4 0
2 34 19
t 1722 1.550387596899225
m 0 17
0 34 3
1 5 0
2 34 18
t 1721 1.550387596899225
m 0 17
0 34 4
1 4 0
2 34 19
t 1720 1.550387596899225
m 0 16
0 34 3
1 5 0
2 34 18
t 1719 1.550387596899225
m 0 15
0 33 3
1 4 0
2 34 17
t 1718 2.3255813953488373
m 0 16
0 34 3
1 5 0
2 34 18
t 1717 2.3255813953488373
m 0 16
0 34 2
1 6 0
2 34 17
t 1716 2.3255813953488373
m 0 15
0 34 3
1 5 0
2 34 18
t 1715 2.3255813953488373
m 0 16
0 34 4
1 4 0
2 34 17
t 1714 2.3255813953488373
m 0 16
0 34 5
1 3 0
2 34 16
t 1713 2.3255813953488373
m 0 16
0 34 4
1 4 0
2 34 17
t 1712 2.3255813953488373
m 0 17
0 34 3
1 5 0
2 34 18
t 1711 2.3255813953488373
m 0 17
0 34 4
1 4 0
2 34 19
t 1710 2.3255813953488373
m 0 16
0 34 3
1 5 0
2 33 19
t 1709 2.3255813953488373
m 0 17
0 33 3
1 6 0
2 34 19
t 1708 2.3255813953488373
m 0 17
0 32 3
1 7 0
2 33 19
t 1707 2.3255813953488373
m 0 16
0 31 3
1 6 0
2 32 19
t 1706 2.3255813953488373
m 0 16
0 30 3
1 5 0
2 33 19
t 1705 2.3255813953488373
m 0 15
0 31 3
1 4 0
2 34 19
t 1704 2.3255813953488373
m 0 16
0 30 3
1 5 0
2 34 18
t 1703 2.3255813953488373
m 0 15
0 29 3
1 4 0
2 34 17
t 1702 2.3255813953488373
m 0 14
0 29 4
1 3 0
2 34 16
t 1701 2.3255813953488373
m 0 15
0 29 5
1 4 0
2 34 17
t 1700 2.3255813953488373
m 1 15
0 29 6
1 5 0
2 34 16
t 1699 2.3255813953488373
m 0 15
0 28 6
1 4 0
2 34 15
t 1698 2.3255813953488373
m 1 15
0 29 6
1 3 0
2 33 15
t 1697 2.3255813953488373
m 2 15
0 29 5
1 2 0
2 34 15
t 1696 2.3255813953488373
m 2 16
0 29 4
1 1 0
2 34 14
t 1695 3.10077519379845
m 2 16
0 29 3
1 0 0
2 34 15
t 1694 3.10077519379845
m 2 17
0 28 3
1 0 1
2 34 16
t 1693 3.10077519379845
m 2 17
0 29 3
1 0 2
2 34 15
t 1692 3.10077519379845
m 2 17
0 30 3
1 0 1
2 34 14
t 1691 3.10077519379845
m 2 17
0 29 3
1 0 0
2 34 13
t 1690 3.10077519379845
m 3 17
0 28 3
1 0 1
2 34 14
t 1689 3.10077519379845
m 4 17
0 27 3
1 0 2
2 34 15
t 1688 3.875968992248062
m 4 17
0 28 3
1 0 1
2 33 15
t 1687 3.875968992248062
m 4 17
0 27 3
1 0 0
2 34 15
t 1686 3.875968992248062
m 5 17
0 28 3
1 0 1
2 34 14
t 1685 3.875968992248062
m 6 17
0 27 3
1 0 2
2 34 15
t 1684 3.875968992248062
m 7 17
0 26 3
1 0 1
2 33 15
t 1683 4.651162790697675
m 7 18
0 25 3
1 0 0
2 34 15
t 1682 4.651162790697675
m 7 18
0 26 3
1 1 0
2 34 16
t 1681 4.651162790697675
m 7 17
0 27 3
1 0 0
2 34 17
t 1680 4.651162790697675
m 7 18
0 28 3
1 0 1
2 34 18
t 1679 4.651162790697675
m 7 17
0 27 3
1 0 2
2 34 17
t 1678 4.651162790697675
m 7 18
0 27 2
1 0 3
2 34 18
t 1677 4.651162790697675
m 7 17
0 27 3
1 0 4
2 34 17
f 34 19
t 1676 4.651162790697675
m 6 17
0 27 2
1 0 3
2 34 18
t 1675 4.651162790697675
m 5 17
0 27 1
1 0 2
2 34 19
t 1674 4.651162790697675
m 5 17
0 27 0
1 0 3
2 33 19
t 1673 4.651162790697675
m 4 17
0 27 1
1 0 4
2 32 19
t 1672 4.651162790697675
m 5 17
0 27 0
1 0 5
2 33 19
t 1671 4.651162790697675
m 5 17
0 28 0
1 0 4
2 34 19
t 1670 4.651162790697675
m 4 17
0 29 0
1 0 3
2 33 19
t 1669 4.651162790697675
m 4 17
0 30 0
1 1 3
2 32 19
t 1668 4.651162790697675
m 5 17
0 29 0
1 0 3
2 33 19
t 1667 4.651162790697675
m 4 17
0 30 0
1 1 3
2 34 19
t 1666 4.651162790697675
m 4 17
0 29 0
1 0 3
2 34 18
t 1665 4.651162790697675
m 3 17
0 30 0
1 0 4
2 34 17
t 1664 4.651162790697675
m 3 17
0 29 0
1 0 3
2 34 16
t 1663 4.651162790697675
m 4 17
0 28 0
1 0 2
2 34 15
t 1662 4.651162790697675
m 5 17
0 27 0
1 0 1
2 33 15
t 1661 4.651162790697675
m 6 17
0 26 0
1 0 2
2 34 15
t 1660 4.651162790697675
m 6 17
0 25 0
1 0 1
2 34 14
t 1659 4.651162790697675
m 6 17
0 26 0
1 0 2
2 34 13
t 1658 4.651162790697675
m 6 17
0 25 0
1 0 3
2 34 14
t 1657 4.651162790697675
m 6 17
0 26 0
1 1 3
2 34 13
t 1656 4.651162790697675
m 5 17
0 27 0
1 2 3
2 34 14
t 1655 4.651162790697675
m 5 17
0 26 0
1 1 3
2 34 13
t 1654 4.651162790697675
m 6 17
0 27 0
1 0 3
2 34 12
t 1653 4.651162790697675
m 7 17
0 27 1
1 0 4
2 34 13
t 1652 4.651162790697675
m 7 18
0 27 2
1 0 3
2 34 14
t 1651 4.651162790697675
m 7 17
0 27 3
1 0 2
2 34 13
t 1650 4.651162790697675
m 7 17
0 26 3
1 0 3
2 34 14
t 1649 4.651162790697675
m 8 17
0 27 3
1 0 4
2 34 13
t 1648 4.651162790697675
m 8 17
0 26 3
1 0 3
2 34 14
t 1647 4.651162790697675
m 8 17
0 25 3
1 1 3
2 34 13
t 1646 4.651162790697675
m 8 17
0 25 2
1 2 3
2 34 12
t 1645 4.651162790697675
m 8 17
0 24 2
1 3 3
2 34 13
t 1644 4.651162790697675
m 8 17
0 23 2
1 2 3
2 34 14
t 1643 4.651162790697675
m 8 17
0 24 2
1 1 3
2 34 13
t 1642 4.651162790697675
m 9 17
0 23 2
1 0 3
2 34 12
t 1641 4.651162790697675
m 9 17
0 22 2
1 0 2
2 34 11
t 1640 4.651162790697675
m 10 17
0 21 2
1 0 1
2 34 12
t 1639 5.426356589147287
m 10 17
0 21 3
1 0 2
2 34 13
t 1638 5.426356589147287
m 10 17
0 21 2
1 0 3
2 34 14
t 1637 5.426356589147287
m 9 17
0 22 2
1 1 3
2 34 15
t 1636 5.426356589147287
m 10 17
0 21 2
1 2 3
2 33 15
t 1635 5.426356589147287
m 10 17
0 20 2
1 3 3
2 32 15
t 1634 5.426356589147287
m 9 17
0 19 2
1 2 3
2 31 15
t 1633 5.426356589147287
m 8 17
0 18 2
1 3 3
2 32 15
t 1632 5.426356589147287
m 8 17
0 19 2
1 2 3
2 32 14
t 1631 5.426356589147287
m 7 17
0 20 2
1 3 3
2 32 15
t 1630 5.426356589147287
m 7 18
0 21 2
1 2 3
2 33 15
t 1629 5.426356589147287
m 7 19
0 21 3
1 1 3
2 32 15
t 1628 5.426356589147287
m 7 18
0 21 2
1 2 3
2 32 16
t 1627 5.426356589147287
m 7 18
0 22 2
1 1 3
2 32 15
t 1626 5.426356589147287
m 7 18
0 21 2
1 2 3
2 33 15
t 1625 5.426356589147287
m 7 19
0 20 2
1 1 3
2 32 15
t 1624 5.426356589147287
m 7 18
0 19 2
1 2 3
2 31 15
t 1623 5.426356589147287
m 7 17
0 20 2
1 1 3
2 32 15
t 1622 5.426356589147287
m 6 17
0 21 2
1 0 3
2 31 15
t 1621 5.426356589147287
m 6 17
0 21 3
1 1 3
2 32 15
t 1620 5.426356589147287
m 6 17
0 21 2
1 0 3
2 31 15
t 1619 5.426356589147287
m 7 17
0 20 2
1 0 2
2 30 15
t 1618 5.426356589147287
m 7 18
0 21 2
1 0 1
2 31 15
t 1617 5.426356589147287
m 7 17
0 20 2
1 0 0
2 30 15
t 1616 5.426356589147287
m 7 18
0 21 2
1 0 1
2 29 15
t 1615 5.426356589147287
m 7 17
0 21 3
1 0 2
2 30 15
t 1614 5.426356589147287
m 7 18
0 21 2
1 0 3
2 31 15
t 1613 5.426356589147287
m 7 18
0 20 2
1 0 2
2 30 15
t 1612 5.426356589147287
m 7 18
0 19 2
1 0 3
2 29 15
t 1611 5.426356589147287
m 7 19
0 20 2
1 0 2
2 30 15
t 1610 5.426356589147287
m 7 18
0 21 2
1 0 3
2 31 15
t 1609 5.426356589147287
m 7 19
0 20 2
1 1 3
2 32 15
t 1608 5.426356589147287
m 7 18
0 19 2
1 0 3
2 32 14
t 1607 5.426356589147287
m 7 19
0 20 2
1 0 2
2 32 15
t 1606 5.426356589147287
m 8 19
0 19 2
1 0 3
2 33 15
t 1605 6.2015503875969
m 8 19
0 20 2
1 0 4
2 32 15
t 1604 6.2015503875969
m 7 19
0 21 2
1 0 5
2 33 15
t 1603 6.2015503875969
m 6 19
0 20 2
1 0 6
2 34 15
t 1602 6.2015503875969
m 5 19
0 19 2
1 0 7
2 34 14
t 1601 6.976744186046512
m 6 19
0 20 2
1 0 6
2 34 13
t 1600 6.976744186046512
m 7 19
0 21 2
1 0 7
2 34 12
t 1599 6.976744186046512
m 7 18
0 20 2
1 0 8
2 34 13
t 1598 6.976744186046512
m 7 19
0 21 2
1 0 7
2 34 14
t 1597 6.976744186046512
m 8 19
0 22 2
1 0 6
2 34 13
t 1596 6.976744186046512
m 7 19
0 21 2
1 0 5
2 34 14
t 1595 6.976744186046512
m 8 19
0 21 3
1 0 6
2 34 13
t 1594 6.976744186046512
m 8 19
0 21 2
1 0 7
2 34 12
t 1593 6.976744186046512
m 9 19
0 20 2
1 0 6
2 34 11
t 1592 6.976744186046512
m 8 19
0 19 2
1 0 7
2 34 12
t 1591 6.976744186046512
m 7 19
0 18 2
1 0 6
2 34 13
t 1590 6.976744186046512
m 7 19
0 19 2
1 0 5
2 34 14
t 1589 6.976744186046512
m 7 18
0 18 2
1 0 6
2 34 15
t 1588 6.976744186046512
m 7 17
0 19 2
1 0 5
2 33 15
t 1587 6.976744186046512
m 7 18
0 20 2
1 0 4
2 34 15
t 1586 6.976744186046512
m 7 17
0 21 2
1 0 5
2 34 14
t 1585 6.976744186046512
m 7 17
0 21 3
1 0 4
2 34 13
t 1584 6.976744186046512
m 7 17
0 21 2
1 0 5
2 34 14
t 1583 6.976744186046512
m 8 17
0 22 2
1 0 4
2 34 15
t 1582 6.976744186046512
m 9 17
0 21 2
1 0 5
2 34 14
t 1581 6.976744186046512
m 8 17
0 21 3
1 0 4
2 34 13
t 1580 6.976744186046512
m 9 17
0 21 4
1 0 5
2 34 14
t 1579 6.976744186046512
m 9 17
0 21 5
1 0 6
2 34 13
t 1578 6.976744186046512
m 8 17
0 22 5
1 0 5
2 34 14
t 1577 6.976744186046512
m 9 17
0 21 5
1 0 4
2 34 15
t 1576 6.976744186046512
m 10 17
0 22 5
1 0 5
2 34 16
t 1575 6.976744186046512
m 10 17
0 21 5
1 0 6
2 34 15
t 1574 6.976744186046512
m 11 17
0 21 4
1 0 5
2 33 15
t 1573 6.976744186046512
m 11 17
0 21 3
1 0 6
2 32 15
t 1572 6.976744186046512
m 11 17
0 21 2
1 0 7
2 33 15
t 1571 6.976744186046512
m 10 17
0 22 2
1 0 8
2 34 15
t 1570 6.976744186046512
m 10 17
0 23 2
1 0 7
2 34 14
t 1569 6.976744186046512
m 10 17
0 22 2
1 0 8
2 34 15
t 1568 6.976744186046512
m 11 17
0 23 2
1 0 7
2 34 14
t 1567 6.976744186046512
m 11 17
0 22 2
1 0 6
2 34 15
t 1566 6.976744186046512
m 10 17
0 23 2
1 0 7
2 34 14
t 1565 6.976744186046512
m 11 17
0 24 2
1 0 8
2 34 15
t 1564 6.976744186046512
m 10 17
0 23 2
1 0 7
2 33 15
t 1563 6.976744186046512
m 11 17
0 24 2
1 0 8
2 34 15
t 1562 6.976744186046512
m 12 17
0 25 2
1 0 7
2 34 16
t 1561 6.976744186046512
m 12 16
0 24 2
1 0 8
2 34 15
t 1560 6.976744186046512
m 12 15
0 25 2
1 0 7
2 34 14
t 1559 7.751937984496124
m 12 15
0 25 3
1 0 6
2 34 15
t 1558 7.751937984496124
m 11 15
0 25 4
1 0 7
2 34 16
t 1557 7.751937984496124
m 12 15
0 25 5
1 0 6
2 34 15
t 1556 7.751937984496124
m 12 15
0 25 6
1 0 5
2 34 14
t 1555 7.751937984496124
m 11 15
0 26 6
1 0 6
2 34 13
t 1554 7.751937984496124
m 11 15
0 27 6
1 0 5
2 34 12
t 1553 7.751937984496124
m 11 15
0 26 6
1 0 4
2 34 11
t 1552 7.751937984496124
m 11 15
0 25 6
1 0 3
2 33 11
t 1551 7.751937984496124
m 12 15
0 25 7
1 0 4
2 34 11
t 1550 7.751937984496124
m 11 15
0 24 7
1 0 5
2 34 12
t 1549 7.751937984496124
m 12 15
0 23 7
1 0 4
2 34 11
t 1548 7.751937984496124
m 13 15
0 23 8
1 0 3
2 34 12
t 1547 7.751937984496124
m 12 15
0 23 9
1 0 4
2 34 13
t 1546 7.751937984496124
m 11 15
0 23 8
1 0 3
2 34 12
t 1545 7.751937984496124
m 10 15
0 23 7
1 0 4
2 34 13
t 1544 7.751937984496124
m 9 15
0 24 7
1 0 3
2 34 12
t 1543 8.527131782945736
m 8 15
0 23 7
1 0 4
2 34 13
t 1542 8.527131782945736
m 8 14
0 23 8
1 0 3
2 34 14
t 1541 8.527131782945736
m 8 13
0 23 9
1 1 3
2 34 15
t 1540 9.30232558139535
m 8 13
0 23 8
1 2 3
2 34 16
t 1539 9.30232558139535
m 8 14
0 23 9
1 1 3
2 34 15
t 1538 9.30232558139535
m 8 13
0 23 8
1 2 3
2 34 14
t 1537 9.30232558139535
m 8 13
0 23 7
1 1 3
2 34 13
t 1536 9.30232558139535
m 7 13
0 22 7
1 2 3
2 34 12
t 1535 9.30232558139535
m 6 13
0 21 7
1 1 3
2 34 11
t 1534 9.30232558139535
m 5 13
0 22 7
1 0 3
2 33 11
t 1533 10.077519379844961
m 4 13
0 21 7
1 0 4
2 32 11
t 1532 10.077519379844961
m 5 13
0 20 7
1 0 3
2 31 11
t 1531 10.077519379844961
m 6 13
0 19 7
1 1 3
2 31 10
t 1530 10.077519379844961
m 7 13
0 20 7
1 0 3
2 31 11
t 1529 10.077519379844961
m 7 13
0 21 7
1 1 3
2 30 11
t 1528 10.077519379844961
m 8 13
0 22 7
1 0 3
2 29 11
t 1527 10.077519379844961
m 7 13
0 23 7
1 0 4
2 28 11
t 1526 10.077519379844961
m 6 13
0 23 8
1 0 3
2 27 11
t 1525 10.077519379844961
m 7 13
0 23 7
1 1 3
2 26 11
t 1524 10.077519379844961
m 7 13
0 24 7
1 0 3
2 25 11
t 1523 10.077519379844961
m 7 13
0 25 7
1 1 3
2 24 11
t 1522 10.077519379844961
m 8 13
0 25 6
1 0 3
2 23 11
t 1521 10.077519379844961
m 7 13
0 26 6
1 0 4
2 23 10
t 1520 10.077519379844961
m 8 13
0 27 6
1 0 3
2 23 11
t 1519 10.077519379844961
m 7 13
0 26 6
1 0 4
2 23 12
t 1518 10.077519379844961
m 8 13
0 25 6
1 0 3
2 23 13
t 1517 10.077519379844961
m 8 14
0 25 7
1 1 3
2 24 13
t 1516 10.077519379844961
m 8 14
0 24 7
1 0 3
2 25 13
t 1515 10.077519379844961
m 8 15
0 25 7
1 1 3
2 26 13
t 1514 10.077519379844961
m 7 15
0 24 7
1 0 3
2 26 14
t 1513 10.077519379844961
m 8 15
0 23 7
1 0 4
2 26 13
t 1512 10.077519379844961
m 9 15
0 22 7
1 0 3
2 26 14
t 1511 10.077519379844961
m 10 15
0 23 7
1 0 2
2 26 13
t 1510 10.077519379844961
m 9 15
0 23 8
1 0 1
2 25 13
t 1509 10.077519379844961
m 9 15
0 23 9
1 0 2
2 24 13
t 1508 10.077519379844961
m 9 15
0 23 8
1 0 1
2 25 13
t 1507 10.077519379844961
m 10 15
0 23 9
1 0 0
2 26 13
t 1506 10.077519379844961
m 9 15
0 23 10
1 0 1
2 25 13
t 1505 10.077519379844961
m 10 15
0 23 9
1 0 0
2 26 13
t 1504 10.077519379844961
m 11 15
0 23 10
1 1 0
2 27 13
t 1503 10.077519379844961
m 11 15
0 23 9
1 0 0
2 28 13
t 1502 10.077519379844961
m 12 15
0 23 10
1 0 1
2 27 13
t 1501 10.077519379844961
m 13 15
0 23 11
1 0 2
2 28 13
t 1500 10.077519379844961
m 13 15
0 23 12
1 0 1
2 27 13
t 1499 10.077519379844961
m 13 15
0 23 11
1 0 2
2 28 13
t 1498 10.077519379844961
m 14 15
0 23 10
1 0 3
2 27 13
t 1497 10.077519379844961
m 14 15
0 23 9
1 0 4
2 26 13
t 1496 10.077519379844961
m 15 15
0 23 8
1 0 3
2 25 13
t 1495 10.852713178294573
m 15 15
0 23 9
1 1 3
2 26 13
t 1494 10.852713178294573
m 15 15
0 24 9
1 0 3
2 27 13
t 1493 10.852713178294573
m 14 15
0 25 9
1 1 3
2 26 13
t 1492 10.852713178294573
m 14 15
0 24 9
1 0 3
2 26 14
t 1491 10.852713178294573
m 14 15
0 23 9
1 1 3
2 26 15
t 1490 10.852713178294573
m 15 15
0 23 8
1 2 3
2 27 15
t 1489 10.852713178294573
m 15 15
0 23 7
1 1 3
2 26 15
t 1488 10.852713178294573
m 15 15
0 23 8
1 0 3
2 25 15
t 1487 10.852713178294573
m 14 15
0 23 7
1 0 2
2 24 15
t 1486 10.852713178294573
m 13 15
0 22 7
1 0 1
2 25 15
t 1485 10.852713178294573
m 13 15
0 21 7
1 0 2
2 24 15
t 1484 10.852713178294573
m 14 15
0 20 7
1 0 1
2 23 15
t 1483 10.852713178294573
m 13 15
0 19 7
1 0 0
2 24 15
t 1482 10.852713178294573
m 13 15
0 20 7
1 1 0
2 25 15
t 1481 10.852713178294573
m 12 15
0 21 7
1 0 0
2 24 15
t 1480 10.852713178294573
m 11 15
0 22 7
1 0 1
2 23 15
t 1479 10.852713178294573
m 10 15
0 23 7
1 0 0
2 22 15
t 1478 10.852713178294573
m 11 15
0 22 7
1 1 0
2 23 15
t 1477 10.852713178294573
m 12 15
0 21 7
1 2 0
2 24 15
t 1476 10.852713178294573
m 13 15
0 22 7
1 1 0
2 25 15
t 1475 10.852713178294573
m 12 15
0 23 7
1 0 0
2 26 15
t 1474 10.852713178294573
m 12 15
0 24 7
1 1 0
2 26 14
t 1473 10.852713178294573
m 12 16
0 25 7
1 0 0
2 26 13
t 1472 10.852713178294573
m 12 16
0 24 7
1 0 1
2 27 13
t 1471 10.852713178294573
m 12 16
0 23 7
1 0 0
2 28 13
t 1470 10.852713178294573
m 12 15
0 24 7
1 0 1
2 27 13
t 1469 10.852713178294573
m 12 16
0 25 7
1 0 2
2 28 13
t 1468 10.852713178294573
m 12 17
0 24 7
1 0 3
2 27 13
t 1467 10.852713178294573
m 12 16
0 25 7
1 0 2
2 28 13
t 1466 10.852713178294573
m 12 16
0 24 7
1 0 1
2 29 13
t 1465 10.852713178294573
m 12 17
0 23 7
1 0 2
2 28 13
t 1464 10.852713178294573
m 11 17
0 23 8
1 0 3
2 27 13
t 1463 10.852713178294573
m 11 17
0 23 9
1 0 2
2 28 13
t 1462 10.852713178294573
m 12 17
0 23 8
1 0 3
2 27 13
t 1461 10.852713178294573
m 13 17
0 23 7
1 0 4
2 28 13
t 1460 11.627906976744185
m 14 17
0 23 8
1 0 3
2 27 13
t 1459 11.627906976744185
m 14 17
0 23 7
1 0 4
2 28 13
t 1458 11.627906976744185
m 15 17
0 24 7
1 0 5
2 27 13
t 1457 11.627906976744185
m 14 17
0 25 7
1 0 4
2 28 13
t 1456 11.627906976744185
m 15 17
0 25 6
1 0 3
2 29 13
t 1455 11.627906976744185
m 15 17
0 25 5
1 1 3
2 28 13
t 1454 11.627906976744185
m 15 17
0 25 4
1 2 3
2 29 13
t 1453 11.627906976744185
m 16 17
0 25 5
1 3 3
2 30 13
t 1452 12.4031007751938
m 16 17
0 25 6
1 2 3
2 31 13
t 1451 12.4031007751938
m 16 18
0 25 7
1 3 3
2 32 13
t 1450 12.4031007751938
m 16 19
0 25 6
1 4 3
2 32 14
t 1449 12.4031007751938
m 16 18
0 26 6
1 5 3
2 32 15
t 1448 12.4031007751938
m 16 17
0 27 6
1 4 3
2 33 15
t 1447 12.4031007751938
m 16 17
0 26 6
1 3 3
2 32 15
t 1446 12.4031007751938
m 17 17
0 25 6
1 2 3
2 33 15
t 1445 12.4031007751938
m 17 17
0 26 6
1 3 3
2 32 15
t 1444 12.4031007751938
m 18 17
0 27 6
1 4 3
2 31 15
t 1443 12.4031007751938
m 18 16
0 26 6
1 5 3
2 32 15
t 1442 12.4031007751938
m 18 15
0 27 6
1 6 3
2 31 15
t 1441 13.178294573643411
m 18 15
0 26 6
1 7 3
2 30 15
t 1440 13.178294573643411
m 19 15
0 25 6
1 8 3
2 29 15
t 1439 13.178294573643411
m 18 15
0 26 6
1 9 3
2 28 15
t 1438 13.178294573643411
m 18 16
0 25 6
1 9 4
2 27 15
t 1437 13.178294573643411
m 18 16
0 25 7
1 9 5
2 26 15
t 1436 13.178294573643411
m 18 16
0 25 6
1 10 5
2 26 14
t 1435 13.178294573643411
m 18 17
0 26 6
1 11 5
2 26 15
t 1434 13.178294573643411
m 18 18
0 27 6
1 12 5
2 25 15
t 1433 13.953488372093023
m 18 19
0 28 6
1 11 5
2 26 15
t 1432 13.953488372093023
m 18 18
0 29 6
1 10 5
2 25 15
t 1431 13.953488372093023
m 18 17
0 29 5
1 11 5
2 24 15
t 1430 13.953488372093023
m 18 18
0 29 4
1 10 5
2 25 15
t 1429 13.953488372093023
m 18 19
0 29 5
1 9 5
2 24 15
t 1428 13.953488372093023
m 19 19
0 29 4
1 9 4
2 25 15
t 1427 13.953488372093023
m 19 19
0 29 5
1 9 3
2 24 15
t 1426 13.953488372093023
m 20 19
0 29 6
1 9 2
2 23 15
t 1425 14.728682170542635
m 19 19
0 28 6
1 10 2
2 24 15
t 1424 14.728682170542635
m 20 19
0 27 6
1 9 2
2 23 15
t 1423 14.728682170542635
m 19 19
0 26 6
1 9 3
2 22 15
t 1422 14.728682170542635
m 19 19
0 25 6
1 9 2
2 22 16
t 1421 14.728682170542635
m 19 19
0 25 7
1 10 2
2 22 17
t 1420 14.728682170542635
m 18 19
0 24 7
1 11 2
2 21 17
t 1419 14.728682170542635
m 18 18
0 25 7
1 12 2
2 20 17
t 1418 14.728682170542635
m 18 18
0 25 6
1 13 2
2 19 17
t 1417 14.728682170542635
0 25 7
1 14 2
2 18 17
t 1416 -66.18560354374307
